Car 0.0 0 1.85 328.27 198.83 419.81 265.09 1.51 1.61 3.92 -0.38 0.84 0.99 1.54 1.00
Car 0.0 0 1.98 181.47 203.63 359.67 303.76 1.42 1.61 3.90 -0.48 0.81 0.90 1.54 1.00
Car 0.0 0 1.83 396.75 193.52 455.52 240.13 1.49 1.57 3.72 -0.31 0.81 0.98 1.58 1.00
Car 0.0 0 2.78 828.64 159.63 935.75 200.74 1.62 1.69 4.24 0.27 0.82 0.88 -3.14 1.00
Car 0.0 0 1.78 483.41 190.41 513.47 216.94 1.43 1.62 3.90 -0.22 0.76 1.01 1.63 0.99
Car 0.0 0 -0.58 1081.95 143.67 1203.04 176.04 1.56 1.80 4.76 0.65 0.76 0.96 0.06 0.99
Car 0.0 0 -1.67 674.94 178.14 705.89 213.96 1.49 1.61 3.78 0.04 0.77 0.92 -1.56 0.99
Car 0.0 0 1.77 445.93 192.08 484.73 226.55 1.43 1.59 3.81 -0.26 0.77 1.02 1.58 0.99
Car 0.0 0 2.84 780.73 162.02 865.27 198.11 1.65 1.68 3.85 0.21 0.84 0.92 3.13 0.99
Car 0.0 0 2.78 812.55 158.87 895.19 195.10 1.68 1.68 3.95 0.26 0.84 0.93 3.11 0.99
Car 0.0 0 -1.67 620.05 178.78 622.99 189.79 1.38 1.62 3.60 -0.04 0.70 0.96 -1.66 0.97
Car 0.0 0 -0.56 1127.66 137.46 1230.09 175.88 1.53 1.86 4.65 0.69 0.74 0.94 0.11 0.96
Car 0.0 0 -0.67 1164.66 131.58 1232.87 173.07 1.54 1.75 4.30 0.71 0.74 0.94 0.01 0.95
Car 0.0 0 -0.68 1208.90 133.06 1243.39 172.32 1.50 1.69 4.25 0.76 0.72 0.95 0.03 0.94
Car 0.0 0 1.71 549.72 185.21 550.68 198.46 1.42 1.52 3.63 -0.14 0.74 0.92 1.63 0.88
