Car 0.0 0 -1.68 689.72 188.97 736.79 236.77 1.47 1.62 3.63 0.08 0.79 0.96 -1.53 1.00
Car 0.0 0 0.33 257.63 187.15 426.53 254.99 1.53 1.58 3.74 -0.40 0.83 0.92 -0.02 1.00
Car 0.0 0 -2.60 15.67 170.78 278.56 310.45 1.73 1.56 3.26 -0.60 0.95 0.84 3.12 1.00
Car 0.0 0 0.63 4.94 179.89 272.69 350.71 1.57 1.66 4.08 -0.58 0.89 0.80 0.05 1.00
Car 0.0 0 -1.99 791.52 175.71 1118.32 370.99 1.55 1.60 3.57 0.34 0.89 0.83 -1.54 1.00
Car 0.0 0 -0.21 742.92 176.73 844.55 217.58 1.57 1.64 4.03 0.18 0.82 0.94 0.04 1.00
Car 0.0 0 0.28 317.79 185.78 463.34 247.59 1.57 1.60 3.78 -0.35 0.84 0.94 -0.01 1.00
Car 0.0 0 -2.96 408.38 181.47 492.08 218.50 1.58 1.62 3.78 -0.26 0.82 0.92 3.11 0.99
Car 0.0 0 -2.66 127.04 192.87 334.83 272.96 1.43 1.56 3.67 -0.55 0.79 0.92 -3.14 0.99
Car 0.0 0 0.13 444.22 174.23 520.96 210.56 1.75 1.78 4.24 -0.23 0.90 0.97 -0.04 0.99
Car 0.0 0 -0.14 694.02 176.54 749.25 200.16 1.59 1.70 4.25 0.09 0.82 0.95 0.02 0.98
Car 0.0 0 0.30 349.14 178.65 479.64 231.88 1.67 1.68 4.11 -0.32 0.88 0.97 0.03 0.98
Car 0.0 0 0.30 342.71 182.00 470.79 235.97 1.61 1.63 3.79 -0.33 0.85 0.95 0.03 0.98
Car 0.0 0 0.79 14.26 197.39 136.35 372.87 1.53 1.64 4.08 -0.74 0.91 0.91 0.15 0.97
Car 0.0 0 -1.66 643.02 181.52 648.97 197.36 1.44 1.60 3.71 -0.01 0.74 1.05 -1.61 0.56
Cyclist 0.0 0 1.65 582.89 179.02 572.54 197.33 1.72 0.59 1.72 -0.11 0.88 1.08 1.61 0.98
