Pedestrian 0.0 0 3.39 228.11 174.44 229.37 245.21 1.82 0.56 0.73 -0.61 0.95 1.04 2.90 1.00
Pedestrian 0.0 0 -2.73 255.90 174.61 257.00 237.38 1.69 0.58 0.71 -0.60 0.89 1.09 3.10 0.99
Pedestrian 0.0 0 0.13 581.70 162.34 580.56 224.79 1.76 0.61 0.86 -0.09 0.90 1.06 0.09 0.99
Pedestrian 0.0 0 0.82 209.00 178.68 209.45 240.88 1.78 0.68 0.82 -0.61 0.93 0.97 0.31 0.98
Pedestrian 0.0 0 -2.82 346.28 168.38 344.84 228.05 1.71 0.57 0.80 -0.45 0.88 1.05 3.11 0.98
Pedestrian 0.0 0 0.27 420.10 164.03 413.56 226.64 1.77 0.60 0.71 -0.35 0.91 1.08 0.01 0.97
Car 0.0 0 -1.32 350.82 181.48 474.89 277.96 1.48 1.62 3.85 -0.30 0.80 0.87 -1.58 1.00
Car 0.0 0 -0.70 1155.53 145.78 1205.88 176.83 1.52 1.68 4.18 0.71 0.74 0.94 -0.01 0.99
Car 0.0 0 -0.55 1044.70 156.52 1143.08 183.90 1.42 1.76 4.43 0.60 0.70 0.95 0.06 0.97
Car 0.0 0 1.57 488.42 174.46 488.77 188.53 1.42 1.55 3.70 -0.22 0.71 0.98 1.41 0.82
Cyclist 0.0 0 -0.54 803.86 157.18 821.52 190.22 1.76 0.62 1.73 0.24 0.87 1.01 -0.25 1.00
Cyclist 0.0 0 -0.42 1108.68 141.78 1172.56 207.59 1.72 0.60 1.73 0.72 0.85 1.03 0.23 1.00
Cyclist 0.0 0 -0.12 292.25 167.10 352.19 244.40 1.75 0.63 1.76 -0.48 0.91 1.04 -0.50 1.00
Cyclist 0.0 0 -0.47 1010.76 148.53 1049.08 192.57 1.67 0.60 1.75 0.58 0.82 1.05 0.07 0.99
Cyclist 0.0 0 -1.37 872.35 152.79 874.55 195.00 1.72 0.67 1.81 0.31 0.85 0.98 -1.01 0.99
Cyclist 0.0 0 -2.84 341.09 169.32 344.80 227.13 1.72 0.53 0.89 -0.44 0.89 1.02 3.09 0.25
