Car 0.0 0 -2.62 11.32 190.93 290.04 307.68 1.49 1.64 4.12 -0.61 0.84 0.86 3.09 1.00
Car 0.0 0 -1.85 754.06 179.02 930.62 302.92 1.57 1.65 3.94 0.20 0.86 0.81 -1.54 1.00
Car 0.0 0 -2.04 840.15 191.51 1221.57 371.00 1.46 1.60 3.79 0.42 0.85 0.82 -1.52 1.00
Car 0.0 0 -2.78 211.13 184.78 393.18 256.28 1.56 1.61 3.75 -0.47 0.84 0.95 3.10 1.00
Car 0.0 0 0.33 266.74 183.47 441.80 249.45 1.54 1.63 3.93 -0.40 0.83 0.96 -0.01 1.00
Car 0.0 0 -1.70 692.52 186.53 734.28 228.87 1.48 1.61 3.72 0.07 0.79 0.89 -1.56 1.00
Car 0.0 0 -2.82 306.10 180.24 450.81 237.08 1.55 1.59 3.77 -0.37 0.82 0.98 -3.13 0.99
Car 0.0 0 0.24 384.95 183.46 491.35 225.41 1.57 1.65 4.15 -0.28 0.83 0.94 0.01 0.99
Car 0.0 0 3.29 499.13 177.17 546.59 198.20 1.49 1.58 3.95 -0.17 0.76 0.90 -3.11 0.98
Car 0.0 0 -1.62 647.43 167.53 661.70 193.82 1.59 1.66 3.89 0.01 0.81 1.04 -1.55 0.96
Car 0.0 0 3.11 512.14 174.67 556.19 194.33 1.43 1.68 4.13 -0.16 0.73 0.92 3.01 0.91
