Car 0.0 0 1.83 376.76 195.31 442.95 245.13 1.45 1.60 3.80 -0.33 0.79 0.96 1.56 1.00
Car 0.0 0 -0.88 10.79 210.47 88.52 245.89 1.45 1.63 4.15 -0.84 0.80 1.01 -1.54 1.00
Car 0.0 0 1.75 428.49 192.12 470.91 231.54 1.49 1.62 3.83 -0.27 0.80 0.96 1.54 1.00
Car 0.0 0 -1.73 672.28 178.42 714.82 221.46 1.51 1.59 3.76 0.04 0.79 0.89 -1.61 1.00
Car 0.0 0 -0.96 45.83 205.92 149.65 249.44 1.44 1.63 4.03 -0.73 0.79 0.94 -1.58 1.00
Car 0.0 0 1.70 473.68 185.13 499.82 214.32 1.50 1.63 3.92 -0.22 0.78 0.96 1.53 0.99
Car 0.0 0 1.70 496.78 184.23 514.09 208.25 1.50 1.64 4.03 -0.20 0.78 0.96 1.55 0.99
Car 0.0 0 -1.65 637.59 178.66 638.30 190.12 1.39 1.60 3.64 -0.02 0.71 0.95 -1.61 0.98
Car 0.0 0 -1.91 1074.07 139.96 1162.85 181.11 1.57 1.64 4.05 0.62 0.77 0.96 -1.29 0.96
Car 0.0 0 1.61 578.57 179.85 578.54 189.99 1.47 1.66 4.08 -0.10 0.75 1.02 1.57 0.80
