Pedestrian 0.0 0 -1.76 715.74 165.33 711.43 204.34 1.80 0.69 0.79 0.09 0.92 1.04 -1.62 0.96
Car 0.0 0 2.10 7.42 191.91 294.59 370.03 1.50 1.61 3.84 -0.59 0.88 0.84 1.53 1.00
Car 0.0 0 -2.10 832.78 182.81 1228.83 370.81 1.53 1.62 3.77 0.42 0.88 0.82 -1.57 1.00
Car 0.0 0 1.83 409.52 183.84 476.05 233.52 1.50 1.63 3.93 -0.28 0.80 0.93 1.60 1.00
Car 0.0 0 -1.53 650.67 177.70 663.92 199.33 1.47 1.67 3.78 0.01 0.76 0.98 -1.47 0.99
Car 0.0 0 1.73 514.70 180.81 529.95 210.53 1.57 1.34 3.53 -0.18 0.82 0.96 1.61 0.97
Car 0.0 0 1.84 630.57 176.25 630.67 184.73 1.51 1.57 4.02 -0.03 0.77 1.01 1.87 0.44
Cyclist 0.0 0 1.72 486.76 176.76 500.06 248.30 1.73 0.68 1.75 -0.23 0.92 1.07 1.56 1.00
Cyclist 0.0 0 1.81 450.81 178.49 473.14 254.31 1.76 0.64 1.82 -0.27 0.94 1.01 1.61 0.99
Cyclist 0.0 0 1.68 531.72 175.15 528.04 217.26 1.80 0.61 1.87 -0.17 0.93 1.02 1.57 0.92
