Car 0.0 0 -1.80 712.10 186.59 837.14 278.30 1.50 1.62 3.93 0.15 0.82 0.90 -1.58 1.00
Car 0.0 0 -2.48 16.33 193.44 261.78 321.01 1.45 1.60 3.83 -0.62 0.83 0.86 -3.05 1.00
Car 0.0 0 -2.40 9.72 203.48 171.39 367.81 1.45 1.63 4.10 -0.69 0.86 0.87 -3.03 1.00
Car 0.0 0 -1.71 685.71 183.97 725.07 224.33 1.51 1.59 3.73 0.06 0.79 0.92 -1.57 1.00
Car 0.0 0 -2.28 917.88 207.45 1231.83 371.16 1.44 1.60 3.76 0.50 0.86 0.86 -1.70 1.00
Car 0.0 0 0.39 271.63 185.56 454.79 248.67 1.48 1.64 4.16 -0.37 0.79 0.92 0.06 1.00
Car 0.0 0 0.62 61.47 187.05 327.26 294.13 1.52 1.60 3.78 -0.56 0.84 0.86 0.10 1.00
Car 0.0 0 -1.64 657.36 174.78 674.75 200.81 1.52 1.59 3.83 0.02 0.78 0.97 -1.56 0.99
Car 0.0 0 -2.85 349.94 172.65 455.07 221.52 1.72 1.63 3.57 -0.33 0.89 0.93 -3.13 0.99
Car 0.0 0 -2.83 315.63 178.87 442.44 238.41 1.71 1.57 3.35 -0.36 0.90 0.92 3.14 0.94
Car 0.0 0 -2.82 333.69 175.52 447.34 234.17 1.81 1.59 3.25 -0.34 0.95 0.92 -3.12 0.90
