Pedestrian 0.0 0 -2.76 279.94 160.32 283.53 209.02 1.82 0.57 0.80 -0.52 0.93 1.02 3.10 0.98
Car 0.0 0 -2.34 573.71 165.80 615.75 186.97 1.51 1.56 3.55 -0.08 0.76 0.95 -2.36 1.00
Car 0.0 0 -2.49 623.17 167.40 660.27 184.82 1.47 1.47 3.50 -0.02 0.74 0.92 -2.44 1.00
Car 0.0 0 0.76 734.87 169.11 772.62 184.06 1.50 1.60 4.09 0.12 0.75 0.91 0.96 0.99
Car 0.0 0 -2.00 302.93 168.53 351.11 199.22 1.57 1.65 3.74 -0.41 0.80 0.89 -2.37 0.99
Car 0.0 0 -2.48 654.96 170.90 693.96 188.77 1.44 1.49 3.50 0.02 0.73 0.83 -2.39 0.99
Car 0.0 0 -1.89 376.07 168.51 420.51 199.02 1.58 1.68 3.82 -0.34 0.81 0.95 -2.18 0.99
Car 0.0 0 -2.21 691.18 172.50 719.97 187.07 1.46 1.63 3.75 0.06 0.74 0.93 -2.08 0.98
Car 0.0 0 0.51 823.36 166.28 851.71 178.25 1.47 1.55 3.94 0.23 0.74 0.91 0.81 0.98
Car 0.0 0 0.47 800.90 165.32 836.21 180.43 1.52 1.59 3.90 0.22 0.76 0.95 0.75 0.97
Car 0.0 0 -2.36 715.31 169.11 744.95 184.39 1.49 1.57 3.50 0.10 0.75 0.97 -2.19 0.95
