Pedestrian 0.0 0 1.66 417.48 173.13 410.07 203.62 1.82 0.71 0.75 -0.34 0.93 1.03 1.39 0.98
Pedestrian 0.0 0 1.71 404.81 173.50 398.96 210.93 1.79 0.68 0.84 -0.35 0.92 1.00 1.43 0.94
Car 0.0 0 -1.98 756.41 177.97 1025.09 345.38 1.48 1.58 3.75 0.27 0.85 0.84 -1.61 1.00
Car 0.0 0 -1.78 660.95 173.31 767.70 253.03 1.46 1.60 3.87 0.07 0.78 0.92 -1.64 1.00
Car 0.0 0 -1.69 593.22 176.39 633.88 217.27 1.48 1.60 3.75 -0.05 0.77 0.95 -1.69 1.00
Car 0.0 0 -1.65 569.61 179.19 585.28 204.73 1.50 1.60 3.75 -0.10 0.78 0.96 -1.70 0.99
Car 0.0 0 -1.55 417.79 185.33 441.33 214.90 1.42 1.59 3.56 -0.29 0.75 0.92 -1.80 0.99
Car 0.0 0 1.82 283.74 192.44 384.46 266.17 1.48 1.55 3.74 -0.42 0.81 0.94 1.46 0.99
Car 0.0 0 -1.21 153.75 200.42 339.24 313.61 1.50 1.60 3.63 -0.52 0.86 0.91 -1.68 0.99
Cyclist 0.0 0 1.80 370.33 178.83 418.50 295.03 1.72 0.65 1.77 -0.36 0.95 1.00 1.52 1.00
Cyclist 0.0 0 1.89 259.83 178.00 345.29 328.65 1.75 0.62 1.87 -0.48 0.99 0.99 1.49 1.00
