Pedestrian 0.0 0 1.64 419.31 174.70 409.38 202.07 1.81 0.67 0.71 -0.34 0.93 1.04 1.37 0.87
Pedestrian 0.0 0 1.68 408.83 175.81 403.22 208.04 1.68 0.67 0.71 -0.35 0.87 1.01 1.40 0.83
Car 0.0 0 -1.78 675.96 180.93 776.01 259.35 1.48 1.59 3.81 0.09 0.80 0.91 -1.62 1.00
Car 0.0 0 -1.37 326.89 190.20 412.53 258.05 1.46 1.62 3.85 -0.36 0.80 0.91 -1.70 1.00
Car 0.0 0 -1.78 617.19 173.58 682.51 227.19 1.51 1.61 3.79 -0.01 0.79 0.92 -1.73 1.00
Car 0.0 0 -1.69 571.65 180.53 599.15 212.74 1.50 1.61 3.77 -0.09 0.78 0.96 -1.72 1.00
Car 0.0 0 1.12 810.93 179.72 1219.01 367.50 1.48 1.61 4.03 0.35 0.84 0.72 1.63 0.99
Car 0.0 0 -2.75 1131.80 145.30 1225.62 370.74 1.59 1.59 4.05 0.73 0.91 1.00 -2.08 0.99
Car 0.0 0 -1.66 547.99 182.34 559.42 203.08 1.47 1.61 3.67 -0.14 0.76 0.97 -1.73 0.98
Car 0.0 0 -1.49 423.14 183.24 444.80 217.74 1.50 1.57 3.47 -0.31 0.79 1.00 -1.73 0.92
Cyclist 0.0 0 1.59 460.93 174.33 470.18 235.60 1.78 0.65 1.83 -0.26 0.94 1.02 1.39 0.99
Cyclist 0.0 0 1.70 426.01 182.17 441.28 250.03 1.72 0.68 1.80 -0.32 0.92 1.05 1.46 0.98
