Car 0.0 0 -2.34 933.98 193.53 1232.36 369.05 1.46 1.61 3.79 0.50 0.86 0.85 -1.76 1.00
Car 0.0 0 -2.17 737.60 177.74 809.83 215.33 1.46 1.57 3.78 0.15 0.76 0.94 -1.94 1.00
Car 0.0 0 -2.30 11.06 165.72 154.50 366.20 1.64 1.60 3.56 -0.70 0.94 0.87 -2.93 1.00
Car 0.0 0 0.55 14.31 187.72 342.92 310.20 1.57 1.67 4.13 -0.57 0.88 0.85 0.01 1.00
Car 0.0 0 -1.78 635.17 180.75 656.16 202.82 1.43 1.59 3.72 -0.01 0.74 0.97 -1.73 0.99
Car 0.0 0 -2.64 112.34 185.93 325.59 279.59 1.58 1.51 3.03 -0.54 0.86 0.89 -3.14 0.99
Car 0.0 0 -2.78 286.79 178.92 414.06 238.21 1.65 1.55 3.24 -0.39 0.87 0.91 -3.12 0.99
Car 0.0 0 -2.87 325.61 180.58 439.46 227.91 1.54 1.60 3.61 -0.34 0.81 0.88 3.11 0.99
Car 0.0 0 -2.85 364.96 173.64 472.35 218.69 1.59 1.57 3.36 -0.32 0.83 0.97 -3.11 0.73
Car 0.0 0 -2.85 437.32 177.22 504.05 206.55 1.51 1.64 3.81 -0.24 0.78 0.93 -3.04 0.43
