Car 0.0 0 -1.80 706.40 185.38 841.43 287.26 1.46 1.59 3.85 0.14 0.81 0.86 -1.58 1.00
Car 0.0 0 -1.39 401.70 195.09 473.42 254.70 1.40 1.59 3.78 -0.29 0.77 0.96 -1.62 1.00
Car 0.0 0 -1.69 663.88 185.46 706.97 230.68 1.52 1.61 3.71 0.04 0.81 0.93 -1.59 1.00
Car 0.0 0 -1.43 460.09 187.45 504.13 228.74 1.46 1.62 3.89 -0.22 0.77 0.92 -1.60 1.00
Car 0.0 0 -1.60 642.92 183.34 656.70 208.69 1.53 1.62 3.73 -0.01 0.80 0.98 -1.55 0.99
Car 0.0 0 2.51 11.51 230.92 113.47 371.34 1.44 1.65 4.08 -0.84 0.90 1.03 1.86 0.96
Car 0.0 0 1.69 505.58 187.22 523.91 212.02 1.46 1.61 3.74 -0.19 0.76 0.97 1.56 0.96
Car 0.0 0 -2.76 1233.68 177.88 1226.70 353.01 1.59 1.64 3.94 0.81 0.93 1.01 -2.05 0.93
Car 0.0 0 1.66 618.47 182.16 619.35 194.10 1.51 1.61 3.92 -0.05 0.77 0.91 1.68 0.58
Cyclist 0.0 0 1.63 578.33 178.73 569.86 197.35 1.75 0.57 1.81 -0.11 0.90 1.03 1.58 0.98
