Car 0.0 0 -1.93 797.72 188.54 1063.14 359.62 1.47 1.58 3.61 0.31 0.85 0.84 -1.51 1.00
Car 0.0 0 -2.81 259.21 184.64 417.40 248.20 1.53 1.59 3.72 -0.41 0.82 0.94 3.12 1.00
Car 0.0 0 -1.82 740.63 182.36 872.00 282.57 1.52 1.59 3.76 0.17 0.83 0.85 -1.55 1.00
Car 0.0 0 -2.68 48.05 186.19 341.67 286.71 1.44 1.64 4.32 -0.58 0.80 0.90 3.08 1.00
Car 0.0 0 -1.68 690.48 185.16 728.65 224.05 1.41 1.61 3.70 0.07 0.75 0.96 -1.54 1.00
Car 0.0 0 3.27 502.95 176.09 556.39 199.24 1.51 1.71 4.10 -0.16 0.77 0.92 -3.12 0.99
Car 0.0 0 0.30 313.05 185.03 460.30 240.63 1.51 1.62 3.91 -0.35 0.81 0.94 -0.00 0.99
Car 0.0 0 0.27 405.48 184.33 503.77 224.14 1.54 1.62 3.95 -0.26 0.81 0.94 0.06 0.99
Car 0.0 0 -2.85 338.31 182.08 467.24 234.38 1.58 1.59 3.79 -0.32 0.84 0.92 -3.13 0.99
Car 0.0 0 -1.61 650.18 167.51 664.37 193.64 1.57 1.66 3.92 0.01 0.79 1.02 -1.54 0.98
