Pedestrian 0.0 0 2.78 389.45 177.63 411.54 286.04 1.74 0.76 1.00 -0.35 0.95 1.05 2.50 1.00
Pedestrian 0.0 0 1.19 879.36 164.75 913.28 290.58 1.73 0.66 0.80 0.33 0.93 0.95 1.58 0.99
Pedestrian 0.0 0 -1.64 758.55 176.48 787.63 311.85 1.78 0.83 1.02 0.17 0.98 0.97 -1.41 0.99
Pedestrian 0.0 0 1.73 308.89 173.86 332.39 284.09 1.65 0.68 0.88 -0.44 0.89 0.97 1.35 0.99
Pedestrian 0.0 0 -1.68 664.68 171.19 670.23 243.66 1.75 0.84 0.93 0.03 0.91 1.00 -1.59 0.99
Pedestrian 0.0 0 -1.68 705.94 180.82 719.30 273.81 1.76 0.84 0.89 0.10 0.95 1.03 -1.52 0.98
Pedestrian 0.0 0 -1.73 727.18 181.38 746.63 284.21 1.74 0.86 0.93 0.14 0.95 1.06 -1.54 0.98
Pedestrian 0.0 0 1.16 930.26 169.48 960.25 287.49 1.72 0.68 0.86 0.39 0.92 0.94 1.61 0.98
Pedestrian 0.0 0 -1.80 795.73 163.41 811.41 251.14 1.81 0.88 0.98 0.24 0.94 1.07 -1.52 0.95
Car 0.0 0 1.63 563.64 179.78 587.53 218.68 1.54 1.64 3.98 -0.09 0.79 0.94 1.60 0.99
