Pedestrian 0.0 0 0.19 445.03 149.33 485.34 295.37 1.84 0.64 1.10 -0.28 0.99 1.10 -0.01 1.00
Pedestrian 0.0 0 -0.01 755.28 151.18 783.99 276.42 1.83 0.64 1.04 0.19 0.96 1.06 0.22 0.99
Pedestrian 0.0 0 -2.38 14.57 173.20 28.64 271.71 1.84 0.72 0.88 -0.96 0.99 1.08 -3.07 0.99
Pedestrian 0.0 0 0.74 110.51 184.02 115.94 261.37 1.67 0.58 0.81 -0.77 0.90 1.01 0.14 0.99
Pedestrian 0.0 0 0.73 93.30 183.83 102.58 270.14 1.60 0.52 0.80 -0.80 0.87 1.03 0.11 0.96
Car 0.0 0 -0.93 13.49 193.83 334.88 363.49 1.49 1.65 3.91 -0.60 0.87 0.89 -1.47 1.00
Car 0.0 0 -0.76 1213.19 152.41 1213.56 195.38 1.53 1.72 4.04 0.76 0.76 0.94 -0.05 0.98
Car 0.0 0 1.64 464.22 173.23 473.22 190.35 1.48 1.58 3.71 -0.24 0.74 0.96 1.45 0.91
Cyclist 0.0 0 -0.81 1186.03 128.68 1208.13 196.05 1.71 0.60 1.79 0.84 0.83 1.07 -0.11 1.00
Cyclist 0.0 0 -1.29 986.03 150.97 991.43 205.70 1.73 0.58 1.74 0.51 0.87 1.05 -0.79 0.99
Cyclist 0.0 0 -0.19 438.39 163.49 532.98 273.51 1.73 0.66 1.74 -0.23 0.92 1.01 -0.36 0.97
