Car 0.0 0 -1.11 168.61 189.93 307.13 261.70 1.47 1.59 3.71 -0.53 0.79 0.92 -1.58 1.00
Car 0.0 0 -1.73 707.29 190.59 790.97 260.02 1.38 1.56 3.66 0.12 0.74 0.89 -1.54 1.00
Car 0.0 0 -1.37 384.91 187.92 481.41 262.30 1.39 1.61 3.83 -0.28 0.75 0.91 -1.61 1.00
Car 0.0 0 -0.91 14.55 211.54 302.28 374.18 1.39 1.63 3.68 -0.61 0.83 0.87 -1.47 1.00
Car 0.0 0 -1.26 347.78 185.47 406.67 224.68 1.46 1.63 4.06 -0.38 0.76 0.99 -1.57 1.00
Car 0.0 0 -1.42 466.33 184.28 512.64 226.87 1.47 1.62 4.18 -0.22 0.77 1.00 -1.58 1.00
Car 0.0 0 -1.55 598.48 183.73 603.88 201.81 1.47 1.66 3.71 -0.07 0.75 0.97 -1.56 0.99
Car 0.0 0 -1.48 534.25 185.51 539.73 200.82 1.43 1.61 3.67 -0.16 0.73 1.01 -1.58 0.98
Car 0.0 0 -1.63 656.14 182.21 676.89 211.87 1.51 1.64 4.00 0.03 0.77 1.06 -1.55 0.97
Car 0.0 0 -1.56 630.18 183.08 628.47 194.83 1.40 1.62 3.69 -0.03 0.71 1.01 -1.53 0.97
Car 0.0 0 -1.34 416.58 186.28 450.26 217.08 1.41 1.62 3.74 -0.31 0.73 1.02 -1.58 0.88
