Car 0.0 0 1.84 317.30 197.90 439.26 284.74 1.43 1.60 3.86 -0.36 0.80 0.92 1.53 1.00
Car 0.0 0 -1.94 771.43 175.71 1082.33 372.10 1.54 1.59 3.65 0.31 0.89 0.84 -1.52 1.00
Car 0.0 0 1.71 467.95 185.14 511.26 233.13 1.54 1.60 3.88 -0.22 0.82 0.96 1.54 1.00
Car 0.0 0 -1.79 719.19 176.46 845.19 272.54 1.55 1.65 4.09 0.15 0.84 0.87 -1.56 1.00
Car 0.0 0 1.73 410.15 182.66 480.78 252.09 1.54 1.57 3.81 -0.28 0.83 0.95 1.51 1.00
Car 0.0 0 -1.73 682.43 180.01 737.19 228.78 1.49 1.60 3.86 0.06 0.78 0.87 -1.60 1.00
Car 0.0 0 0.71 5.39 197.65 94.72 333.41 1.51 1.61 4.14 -0.77 0.87 0.92 0.05 1.00
Car 0.0 0 -1.87 598.88 183.10 604.52 193.57 1.36 1.64 3.59 -0.07 0.70 0.93 -1.88 0.98
Car 0.0 0 -1.70 678.00 179.71 719.84 221.63 1.51 1.59 3.73 0.06 0.79 0.98 -1.58 0.98
Car 0.0 0 -1.64 538.40 185.46 544.64 200.35 1.44 1.68 3.65 -0.15 0.75 0.98 -1.74 0.97
Car 0.0 0 -1.66 657.04 173.88 674.96 203.76 1.58 1.63 3.90 0.02 0.81 1.00 -1.58 0.94
Car 0.0 0 -1.67 635.24 180.46 641.72 196.95 1.49 1.61 3.73 -0.02 0.77 0.97 -1.63 0.93
