Car 0.0 0 1.81 341.80 196.07 463.36 285.02 1.46 1.61 3.99 -0.32 0.82 0.91 1.53 1.00
Car 0.0 0 -1.97 768.96 183.28 1067.70 356.83 1.47 1.60 3.98 0.31 0.85 0.85 -1.56 1.00
Car 0.0 0 -1.79 721.05 180.53 835.83 269.97 1.52 1.63 3.92 0.16 0.83 0.92 -1.56 1.00
Car 0.0 0 1.91 138.94 203.17 378.20 366.58 1.44 1.56 3.66 -0.50 0.86 0.90 1.45 1.00
Car 0.0 0 -1.79 650.84 182.05 680.50 209.91 1.55 1.62 3.71 0.01 0.80 0.90 -1.72 1.00
Car 0.0 0 -2.42 940.94 200.91 1225.71 370.37 1.48 1.61 3.88 0.55 0.89 0.93 -1.83 1.00
Car 0.0 0 -1.77 604.02 183.54 615.09 200.58 1.42 1.62 3.63 -0.06 0.74 0.94 -1.77 0.99
Car 0.0 0 2.48 562.75 182.13 584.66 193.25 1.50 1.48 4.03 -0.11 0.77 0.94 2.43 0.99
Car 0.0 0 2.39 15.55 235.41 238.59 366.58 1.40 1.66 4.22 -0.70 0.87 0.95 1.80 0.98
Car 0.0 0 2.77 974.53 157.70 1133.38 214.40 1.66 1.67 3.70 0.54 0.85 0.98 -2.96 0.94
Cyclist 0.0 0 1.78 502.41 178.23 500.54 206.17 1.71 0.63 1.69 -0.22 0.89 1.10 1.63 0.94
