Pedestrian 0.0 0 -1.92 890.49 150.25 956.93 363.17 1.79 0.88 0.90 0.39 1.00 1.00 -1.50 1.00
Pedestrian 0.0 0 -1.81 785.25 163.54 846.75 365.21 1.70 0.87 0.88 0.24 0.97 1.00 -1.52 0.99
Pedestrian 0.0 0 -2.83 560.18 166.83 576.79 257.31 1.66 0.66 0.93 -0.11 0.88 1.06 -2.87 0.99
Pedestrian 0.0 0 2.84 1163.54 145.19 1197.94 263.48 1.82 0.76 0.96 0.84 0.95 1.12 -2.77 0.99
Pedestrian 0.0 0 -1.45 227.08 167.28 276.24 353.71 1.83 0.71 0.95 -0.56 1.03 1.03 -1.90 0.99
Pedestrian 0.0 0 -1.76 736.27 168.31 743.54 237.92 1.73 0.68 0.84 0.14 0.90 1.01 -1.56 0.99
Pedestrian 0.0 0 2.97 1013.16 158.30 1043.30 273.96 1.78 0.73 1.09 0.61 0.95 1.13 -2.77 0.99
Pedestrian 0.0 0 1.87 968.15 154.03 986.25 246.42 1.72 0.69 0.75 0.45 0.89 0.96 2.35 0.99
Pedestrian 0.0 0 1.82 522.93 170.12 524.85 229.28 1.71 0.66 0.85 -0.17 0.88 1.04 1.71 0.94
Pedestrian 0.0 0 1.99 503.41 172.04 505.40 227.99 1.69 0.75 0.93 -0.19 0.87 1.01 1.86 0.91
Pedestrian 0.0 0 -1.79 713.16 179.07 710.55 219.77 1.77 0.71 0.91 0.10 0.91 1.03 -1.64 0.60
Car 0.0 0 1.75 472.75 169.46 511.92 214.92 1.79 1.71 4.11 -0.20 0.91 0.93 1.61 0.99
Car 0.0 0 1.61 568.90 169.65 575.03 190.50 1.66 1.68 4.43 -0.10 0.83 1.05 1.57 0.97
