Car 0.0 0 -2.71 92.42 185.67 344.76 287.67 1.55 1.57 3.62 -0.54 0.85 0.89 3.08 1.00
Car 0.0 0 0.79 15.65 187.36 221.77 359.35 1.57 1.63 3.95 -0.60 0.89 0.79 0.19 1.00
Car 0.0 0 -1.68 645.56 169.92 685.17 214.97 1.56 1.63 3.72 0.01 0.81 0.94 -1.60 1.00
Car 0.0 0 -1.97 798.40 199.32 1094.73 371.01 1.47 1.55 3.44 0.34 0.87 0.85 -1.53 1.00
Car 0.0 0 0.34 294.88 172.44 446.98 237.11 1.67 1.64 3.91 -0.37 0.88 0.94 0.02 1.00
Car 0.0 0 3.30 446.14 181.68 517.20 210.31 1.46 1.64 4.22 -0.23 0.76 0.96 3.13 1.00
Car 0.0 0 2.88 724.71 179.10 857.52 229.93 1.54 1.66 4.33 0.17 0.81 0.91 3.13 1.00
Car 0.0 0 -2.87 404.47 187.31 487.06 219.90 1.52 1.59 3.93 -0.28 0.80 0.95 -3.09 1.00
Car 0.0 0 -1.65 634.66 174.77 649.39 200.94 1.58 1.60 3.79 -0.02 0.81 0.93 -1.61 0.99
Car 0.0 0 -0.35 798.72 187.23 974.75 261.98 1.59 1.59 3.83 0.30 0.86 0.93 0.02 0.99
Car 0.0 0 2.81 826.91 190.19 1035.32 268.01 1.56 1.69 4.07 0.35 0.85 0.91 -3.05 0.96
