Car 0.0 0 -1.77 662.73 177.08 716.23 223.49 1.48 1.59 3.83 0.04 0.78 0.94 -1.66 1.00
Car 0.0 0 2.88 834.47 178.92 995.95 245.84 1.61 1.61 3.93 0.33 0.86 0.91 -3.00 1.00
Car 0.0 0 -2.32 965.93 205.89 1232.21 372.31 1.42 1.54 3.52 0.53 0.85 0.86 -1.73 1.00
Car 0.0 0 2.70 1035.76 176.08 1232.90 243.02 1.55 1.71 4.15 0.59 0.82 0.89 -2.95 1.00
Car 0.0 0 -0.89 633.05 175.84 658.74 192.26 1.51 1.59 3.76 -0.01 0.77 0.93 -0.84 0.99
Car 0.0 0 -1.84 588.96 180.37 616.39 203.75 1.51 1.63 3.71 -0.07 0.78 0.99 -1.85 0.99
Car 0.0 0 2.42 9.03 236.42 164.19 373.26 1.41 1.65 3.95 -0.74 0.87 0.93 1.79 0.98
Car 0.0 0 2.46 546.18 176.78 578.43 193.91 1.58 1.41 3.79 -0.13 0.81 1.01 2.39 0.97
Car 0.0 0 -0.93 717.03 175.54 743.34 192.10 1.45 1.57 3.84 0.10 0.74 0.94 -0.76 0.87
Cyclist 0.0 0 1.61 474.09 179.65 474.27 212.50 1.71 0.62 1.78 -0.24 0.88 0.98 1.43 0.97
