Pedestrian 0.0 0 -0.97 127.56 165.16 171.85 340.55 1.84 0.49 0.50 -0.73 1.04 1.05 -1.54 0.99
Pedestrian 0.0 0 -1.14 253.10 175.31 271.07 307.05 1.79 0.38 0.33 -0.55 0.99 1.01 -1.59 0.98
Pedestrian 0.0 0 -1.07 231.35 174.97 245.67 298.43 1.82 0.33 0.21 -0.59 1.00 1.03 -1.54 0.95
Car 0.0 0 -1.76 676.29 178.46 758.93 248.58 1.51 1.62 3.85 0.08 0.81 0.96 -1.61 1.00
Car 0.0 0 -1.71 647.88 179.27 682.94 214.57 1.51 1.63 3.89 0.01 0.79 0.96 -1.63 1.00
Car 0.0 0 -1.53 519.43 179.07 548.30 214.80 1.51 1.64 3.91 -0.17 0.79 1.02 -1.63 0.99
Car 0.0 0 -1.20 114.93 194.00 401.97 360.34 1.47 1.60 4.00 -0.51 0.87 0.93 -1.66 0.98
Car 0.0 0 -0.93 8.73 215.17 364.60 369.90 1.42 1.63 3.96 -0.59 0.86 0.90 -1.46 0.96
Car 0.0 0 -1.50 549.09 181.70 559.31 202.28 1.48 1.60 3.69 -0.13 0.76 0.93 -1.58 0.96
Car 0.0 0 -1.60 634.07 177.42 642.82 199.59 1.60 1.64 3.95 -0.02 0.82 1.01 -1.56 0.95
