Car 0.0 0 1.86 339.08 191.15 449.62 265.26 1.49 1.62 3.97 -0.34 0.82 0.93 1.57 1.00
Car 0.0 0 1.99 138.18 198.40 371.35 331.71 1.44 1.60 3.87 -0.49 0.83 0.88 1.53 1.00
Car 0.0 0 -1.88 791.35 181.62 973.68 301.47 1.45 1.60 3.77 0.27 0.81 0.87 -1.52 1.00
Car 0.0 0 1.84 414.39 186.82 486.29 237.75 1.44 1.61 3.90 -0.27 0.77 0.93 1.62 1.00
Car 0.0 0 -1.81 736.17 180.39 836.51 254.25 1.52 1.62 3.89 0.17 0.82 0.92 -1.57 1.00
Car 0.0 0 -2.19 922.67 191.39 1235.54 371.18 1.48 1.58 3.62 0.48 0.87 0.83 -1.61 1.00
Car 0.0 0 -1.72 717.08 179.75 773.84 231.05 1.51 1.61 3.85 0.12 0.80 0.95 -1.54 1.00
Car 0.0 0 -1.68 695.49 177.87 725.18 214.08 1.58 1.59 3.88 0.07 0.82 0.96 -1.54 1.00
Car 0.0 0 -1.69 707.68 179.35 744.82 221.09 1.54 1.58 3.62 0.09 0.80 0.91 -1.53 0.99
Car 0.0 0 1.77 517.38 182.74 544.17 208.30 1.46 1.63 3.86 -0.17 0.76 0.98 1.66 0.97
Car 0.0 0 -0.03 582.84 176.67 607.22 191.22 1.56 1.59 3.83 -0.08 0.79 0.94 -0.05 0.76
