Car 0.0 0 2.13 11.03 206.23 298.93 370.98 1.48 1.63 3.91 -0.60 0.88 0.85 1.57 1.00
Car 0.0 0 1.73 450.40 181.19 497.31 226.63 1.53 1.66 3.92 -0.24 0.80 0.94 1.54 1.00
Car 0.0 0 1.73 480.98 177.54 514.95 214.40 1.55 1.63 4.03 -0.21 0.80 0.95 1.58 1.00
Car 0.0 0 -1.81 746.30 181.88 907.54 299.58 1.47 1.58 3.69 0.19 0.81 0.83 -1.52 1.00
Car 0.0 0 -1.74 679.24 177.51 749.82 241.11 1.52 1.60 3.78 0.08 0.81 0.96 -1.59 1.00
Car 0.0 0 -1.99 798.38 198.69 1151.21 371.10 1.44 1.60 3.80 0.37 0.85 0.84 -1.53 1.00
Car 0.0 0 -1.70 669.86 177.84 717.18 224.21 1.51 1.60 3.79 0.06 0.79 0.99 -1.58 1.00
Car 0.0 0 1.68 511.67 178.14 531.47 205.56 1.54 1.63 3.93 -0.18 0.79 0.94 1.56 1.00
Car 0.0 0 0.43 207.34 183.11 348.89 233.65 1.49 1.61 4.02 -0.50 0.79 0.95 0.00 0.99
Car 0.0 0 -1.64 659.25 177.46 681.11 206.89 1.52 1.60 3.88 0.02 0.79 0.98 -1.56 0.99
Car 0.0 0 -1.71 542.29 178.01 548.69 190.08 1.44 1.67 3.59 -0.14 0.73 0.94 -1.80 0.95
