Pedestrian 0.0 0 -1.18 323.14 173.48 337.84 284.28 1.82 0.50 0.46 -0.46 0.99 1.04 -1.54 0.99
Pedestrian 0.0 0 -1.36 364.03 174.71 369.63 259.84 1.85 0.57 0.69 -0.41 0.99 1.03 -1.69 0.99
Car 0.0 0 -1.72 671.27 182.90 724.25 233.50 1.46 1.58 3.65 0.06 0.78 0.96 -1.60 1.00
Car 0.0 0 -1.24 210.49 197.98 474.48 364.69 1.40 1.57 3.79 -0.41 0.84 0.95 -1.59 1.00
Car 0.0 0 -1.97 769.21 191.32 1172.42 371.63 1.45 1.59 3.85 0.36 0.85 0.84 -1.50 1.00
Car 0.0 0 -1.69 652.01 182.11 678.94 211.73 1.48 1.62 3.84 0.02 0.77 1.00 -1.61 0.99
Car 0.0 0 -1.26 365.77 191.93 487.36 273.37 1.52 1.66 3.94 -0.30 0.84 0.93 -1.51 0.99
Car 0.0 0 -1.50 542.89 181.97 563.59 211.65 1.55 1.61 3.85 -0.14 0.81 1.01 -1.58 0.99
Car 0.0 0 -0.97 13.13 204.25 345.40 373.23 1.49 1.64 3.91 -0.59 0.89 0.88 -1.51 0.99
Car 0.0 0 -1.60 638.48 178.59 645.84 198.73 1.58 1.63 3.88 -0.01 0.81 1.03 -1.56 0.96
