Pedestrian 0.0 0 1.04 771.11 162.96 816.43 338.70 1.69 0.56 0.81 0.20 0.94 0.96 1.30 1.00
Pedestrian 0.0 0 -2.70 651.34 144.87 646.42 203.42 1.83 0.50 0.81 0.00 0.91 1.00 -2.64 1.00
Pedestrian 0.0 0 1.09 919.69 141.74 972.11 335.97 1.82 0.65 0.91 0.39 0.99 0.92 1.55 0.99
Pedestrian 0.0 0 0.77 253.19 140.75 277.02 263.40 1.84 0.65 0.93 -0.57 0.95 1.06 0.32 0.99
Pedestrian 0.0 0 1.30 638.09 156.63 686.30 344.72 1.78 0.62 0.88 0.02 0.99 0.93 1.38 0.99
Pedestrian 0.0 0 0.39 814.86 152.93 900.32 364.44 1.65 0.69 0.94 0.31 0.94 1.02 0.73 0.99
Pedestrian 0.0 0 -2.60 536.20 148.60 531.61 199.09 1.72 0.51 0.80 -0.16 0.85 0.97 -2.69 0.98
Pedestrian 0.0 0 0.60 1006.85 114.77 1212.01 371.02 1.75 0.63 0.95 0.62 0.96 0.94 1.22 0.97
Pedestrian 0.0 0 0.65 1009.62 103.80 1209.64 358.18 1.82 0.66 0.98 0.61 0.98 0.94 1.27 0.97
Pedestrian 0.0 0 1.48 552.64 154.93 545.24 201.02 1.75 0.69 0.93 -0.14 0.87 0.98 1.40 0.92
Pedestrian 0.0 0 0.47 1124.17 182.45 1207.96 375.36 1.60 0.53 0.87 0.73 0.94 0.99 1.14 0.90
Pedestrian 0.0 0 0.37 1198.30 159.81 1213.88 365.91 1.74 0.62 0.91 0.82 0.99 1.03 1.07 0.85
Cyclist 0.0 0 2.46 498.40 147.82 496.69 176.02 1.70 0.59 1.36 -0.21 0.83 0.98 2.31 0.47
Cyclist 0.0 0 2.11 367.45 152.84 379.33 195.03 1.69 0.59 1.60 -0.38 0.84 0.96 1.80 0.25
