Car 0.0 0 -1.44 462.05 182.25 524.79 243.18 1.49 1.64 3.93 -0.21 0.78 0.97 -1.60 1.00
Car 0.0 0 -1.13 53.00 183.47 415.11 372.83 1.54 1.63 4.05 -0.53 0.89 0.90 -1.61 1.00
Car 0.0 0 -1.57 569.45 181.65 607.84 227.88 1.47 1.65 3.67 -0.08 0.76 0.91 -1.59 1.00
Car 0.0 0 -1.47 509.24 185.43 532.77 215.73 1.46 1.56 3.81 -0.17 0.75 0.93 -1.59 0.99
Car 0.0 0 -1.36 405.95 184.03 443.95 217.19 1.43 1.60 3.90 -0.31 0.74 0.98 -1.61 0.99
Car 0.0 0 -0.84 4.07 193.71 128.35 322.10 1.43 1.58 3.85 -0.81 0.82 0.99 -1.49 0.99
Car 0.0 0 -1.27 365.88 182.83 404.31 212.43 1.45 1.59 3.91 -0.40 0.74 1.09 -1.57 0.99
Car 0.0 0 -0.95 6.11 190.62 166.36 261.52 1.49 1.61 4.01 -0.77 0.80 0.98 -1.58 0.97
Car 0.0 0 -1.17 241.75 183.32 313.93 227.99 1.48 1.55 3.80 -0.56 0.77 1.09 -1.60 0.97
Car 0.0 0 -1.50 535.97 182.92 546.47 203.89 1.46 1.61 3.75 -0.15 0.74 0.99 -1.59 0.97
Car 0.0 0 -1.20 266.15 184.12 377.33 243.38 1.41 1.56 3.73 -0.46 0.75 1.01 -1.57 0.95
