Car 0.0 0 -1.70 551.21 182.79 610.33 242.88 1.53 1.64 3.63 -0.09 0.80 0.92 -1.73 1.00
Car 0.0 0 -1.29 267.75 191.65 342.68 241.70 1.44 1.62 3.93 -0.45 0.76 0.92 -1.69 1.00
Car 0.0 0 -1.15 102.38 195.53 276.57 288.34 1.42 1.58 3.85 -0.59 0.78 0.90 -1.68 1.00
Car 0.0 0 -0.90 7.16 183.70 100.61 275.07 1.55 1.67 3.90 -0.80 0.84 0.96 -1.55 1.00
Car 0.0 0 -1.58 453.60 183.82 493.57 233.39 1.59 1.70 3.57 -0.25 0.83 1.00 -1.77 1.00
Car 0.0 0 -1.36 356.22 184.40 392.67 217.06 1.47 1.63 4.05 -0.40 0.76 1.04 -1.67 0.99
Car 0.0 0 -0.84 5.72 199.19 86.08 356.26 1.38 1.58 3.82 -0.84 0.82 1.00 -1.50 0.99
Car 0.0 0 -1.48 394.79 185.68 408.86 207.82 1.51 1.61 3.85 -0.35 0.77 1.01 -1.76 0.98
Car 0.0 0 -1.16 162.42 188.90 240.22 230.89 1.49 1.62 4.00 -0.66 0.78 1.05 -1.68 0.98
Car 0.0 0 -1.55 519.17 183.87 522.75 201.13 1.44 1.59 3.78 -0.18 0.73 0.96 -1.67 0.96
Car 0.0 0 -1.27 249.91 183.21 297.72 212.36 1.52 1.64 4.11 -0.56 0.78 1.08 -1.70 0.32
