Car 0.0 0 0.66 12.18 179.86 266.13 342.67 1.62 1.60 3.75 -0.59 0.91 0.81 0.09 1.00
Car 0.0 0 0.51 22.77 178.64 358.36 295.65 1.63 1.67 4.18 -0.57 0.89 0.87 -0.01 1.00
Car 0.0 0 -0.41 833.15 178.17 1068.65 271.21 1.58 1.67 3.89 0.35 0.85 0.86 0.03 1.00
Car 0.0 0 -1.84 766.40 192.77 974.73 346.19 1.44 1.56 3.53 0.25 0.83 0.87 -1.49 1.00
Car 0.0 0 0.68 9.98 184.69 244.01 362.15 1.57 1.62 3.88 -0.60 0.90 0.80 0.10 1.00
Car 0.0 0 -2.68 150.16 181.35 351.34 261.00 1.60 1.59 3.51 -0.53 0.86 0.93 -3.14 1.00
Car 0.0 0 -2.80 239.58 184.96 421.25 255.94 1.50 1.60 3.88 -0.42 0.81 0.92 3.12 1.00
Car 0.0 0 -2.93 342.16 180.19 463.77 228.72 1.52 1.61 3.98 -0.32 0.80 0.90 3.07 1.00
Car 0.0 0 -0.21 719.81 176.36 813.52 218.37 1.63 1.69 4.10 0.15 0.85 0.95 0.01 1.00
Car 0.0 0 -1.68 645.48 181.57 661.70 203.99 1.47 1.62 3.71 0.00 0.76 0.98 -1.62 0.99
Car 0.0 0 -2.95 442.50 181.99 507.49 209.94 1.48 1.58 3.98 -0.23 0.77 0.90 -3.14 0.99
Car 0.0 0 2.86 737.48 182.24 850.99 227.22 1.57 1.66 4.06 0.17 0.83 0.91 3.11 0.99
Car 0.0 0 -0.28 770.50 183.21 914.66 249.81 1.62 1.60 3.83 0.24 0.87 0.93 0.04 0.98
Car 0.0 0 0.22 361.19 168.68 484.29 226.43 1.82 1.73 4.00 -0.31 0.94 0.95 -0.03 0.98
Car 0.0 0 3.20 469.92 182.45 525.48 203.44 1.44 1.69 4.28 -0.21 0.75 0.98 3.04 0.96
Cyclist 0.0 0 1.65 562.31 180.84 553.57 203.85 1.73 0.64 1.70 -0.13 0.89 1.02 1.58 0.98
