Pedestrian 0.0 0 -1.83 835.94 149.77 902.12 364.17 1.83 0.89 0.95 0.33 1.03 1.05 -1.47 0.99
Pedestrian 0.0 0 1.89 6.27 162.62 76.32 358.08 1.74 0.70 0.72 -0.76 0.97 0.90 1.23 0.99
Pedestrian 0.0 0 2.46 152.89 157.42 249.78 371.70 1.82 0.68 0.98 -0.60 1.03 0.98 1.95 0.99
Pedestrian 0.0 0 -2.29 621.30 152.08 633.69 233.42 1.74 0.78 1.03 -0.02 0.89 1.04 -2.25 0.98
Pedestrian 0.0 0 -1.83 750.29 163.60 779.84 292.92 1.76 0.81 0.95 0.17 0.95 0.98 -1.61 0.98
Pedestrian 0.0 0 -1.90 805.77 148.38 829.03 253.40 1.82 0.81 0.93 0.26 0.94 1.04 -1.61 0.97
Pedestrian 0.0 0 -1.79 726.71 166.23 747.20 274.53 1.71 0.76 0.87 0.15 0.92 1.09 -1.61 0.95
Pedestrian 0.0 0 -1.76 807.16 161.69 849.64 327.89 1.70 0.74 0.98 0.26 0.94 1.01 -1.46 0.94
Pedestrian 0.0 0 0.89 1220.66 154.15 1229.61 343.91 1.75 0.56 0.76 0.81 0.97 1.00 1.61 0.88
Car 0.0 0 1.69 550.39 164.54 584.30 204.64 1.54 1.64 4.04 -0.11 0.77 1.03 1.64 1.00
