Car 0.0 0 -2.52 11.18 170.56 219.56 336.41 1.61 1.67 3.96 -0.62 0.90 0.82 -3.12 1.00
Car 0.0 0 -0.75 1028.61 184.98 1232.43 362.55 1.44 1.61 3.87 0.61 0.85 0.92 -0.12 1.00
Car 0.0 0 0.43 8.20 159.37 308.71 298.32 1.81 1.74 4.08 -0.60 0.97 0.86 -0.12 1.00
Car 0.0 0 -2.84 301.34 181.62 447.10 235.89 1.51 1.63 4.07 -0.37 0.80 0.95 3.13 1.00
Car 0.0 0 -1.71 641.22 182.85 675.65 217.96 1.48 1.60 3.90 0.01 0.78 1.00 -1.64 1.00
Car 0.0 0 2.58 880.17 186.80 1213.87 311.88 1.51 1.67 4.09 0.45 0.84 0.83 3.13 1.00
Car 0.0 0 3.37 350.19 182.85 461.96 226.38 1.51 1.60 3.98 -0.33 0.80 0.96 3.10 0.99
Car 0.0 0 -0.43 805.16 185.56 1064.54 279.65 1.46 1.63 3.91 0.35 0.80 0.90 -0.01 0.99
Car 0.0 0 -0.40 786.00 172.38 1003.35 262.33 1.63 1.64 3.86 0.30 0.87 0.91 -0.03 0.98
Car 0.0 0 -1.64 628.98 181.28 639.04 202.33 1.49 1.58 3.70 -0.03 0.77 0.94 -1.61 0.97
Cyclist 0.0 0 1.75 473.71 178.53 490.76 246.40 1.77 0.62 1.73 -0.23 0.94 0.96 1.57 0.99
