Pedestrian 0.0 0 -2.95 188.01 160.87 190.62 214.60 1.85 0.58 0.99 -0.65 0.95 1.01 2.80 0.95
Car 0.0 0 -2.06 300.12 167.33 360.93 200.65 1.59 1.70 3.82 -0.42 0.81 0.92 -2.43 1.00
Car 0.0 0 -2.44 574.54 166.03 614.68 185.90 1.53 1.49 3.54 -0.08 0.77 0.91 -2.46 0.99
Car 0.0 0 0.81 689.46 168.42 730.64 184.54 1.50 1.61 4.09 0.07 0.75 0.93 0.94 0.99
Car 0.0 0 -2.41 608.60 170.31 651.01 189.03 1.45 1.51 3.68 -0.04 0.73 0.86 -2.38 0.99
Car 0.0 0 -2.27 526.40 164.50 568.34 187.96 1.58 1.60 3.50 -0.14 0.79 0.91 -2.36 0.99
Car 0.0 0 -1.93 233.25 167.13 283.83 200.56 1.61 1.69 3.90 -0.52 0.82 0.93 -2.38 0.99
Car 0.0 0 0.46 757.95 164.89 791.00 179.72 1.55 1.57 3.84 0.15 0.78 0.93 0.68 0.99
Car 0.0 0 -2.44 666.14 168.33 699.17 185.28 1.47 1.54 3.47 0.04 0.74 0.99 -2.34 0.96
Car 0.0 0 -2.31 646.54 169.98 676.67 184.02 1.50 1.67 3.58 0.01 0.75 1.00 -2.24 0.95
Car 0.0 0 0.44 781.13 165.82 807.09 178.69 1.47 1.51 3.64 0.18 0.74 0.95 0.69 0.95
