Car 0.0 0 -1.37 432.90 187.33 514.21 254.13 1.43 1.62 3.90 -0.24 0.76 0.94 -1.56 1.00
Car 0.0 0 -1.24 313.96 187.82 392.91 238.18 1.42 1.62 3.88 -0.40 0.75 0.95 -1.58 1.00
Car 0.0 0 -1.01 11.44 198.58 352.89 372.86 1.48 1.64 3.95 -0.60 0.87 0.90 -1.54 1.00
Car 0.0 0 -1.18 278.51 187.41 340.22 223.07 1.49 1.58 3.94 -0.50 0.78 1.06 -1.57 1.00
Car 0.0 0 -1.34 406.63 185.13 443.68 216.40 1.45 1.59 3.92 -0.32 0.75 1.02 -1.58 1.00
Car 0.0 0 -1.58 592.47 181.53 609.93 212.73 1.64 1.67 3.92 -0.07 0.84 1.00 -1.59 0.99
Car 0.0 0 -1.05 58.52 186.20 216.43 264.15 1.48 1.61 3.82 -0.68 0.80 0.94 -1.63 0.99
Car 0.0 0 -0.91 7.97 193.03 76.94 266.51 1.48 1.64 4.02 -0.88 0.80 1.04 -1.57 0.98
Car 0.0 0 -1.44 491.62 184.99 521.25 216.29 1.42 1.59 3.92 -0.20 0.73 1.03 -1.57 0.97
Car 0.0 0 -1.00 14.94 194.95 222.40 321.02 1.41 1.57 3.68 -0.74 0.81 1.00 -1.60 0.94
