Car 0.0 0 -2.58 4.60 184.54 289.68 305.73 1.58 1.57 3.75 -0.61 0.88 0.85 3.13 1.00
Car 0.0 0 -1.80 713.48 194.51 812.02 269.92 1.43 1.56 3.72 0.13 0.79 0.91 -1.59 1.00
Car 0.0 0 -2.84 314.84 186.11 441.11 238.10 1.56 1.61 3.86 -0.36 0.83 0.92 3.13 1.00
Car 0.0 0 0.24 384.42 167.76 491.86 217.48 1.73 1.65 4.00 -0.29 0.89 0.96 0.00 1.00
Car 0.0 0 0.60 3.82 175.33 250.08 347.28 1.63 1.67 4.21 -0.59 0.91 0.78 0.01 1.00
Car 0.0 0 0.40 223.21 178.11 413.36 256.45 1.66 1.60 3.74 -0.43 0.89 0.92 0.02 0.99
Car 0.0 0 -1.63 640.37 170.83 668.45 206.49 1.50 1.64 3.61 -0.00 0.77 0.96 -1.56 0.99
Car 0.0 0 2.97 763.40 188.07 881.76 236.97 1.51 1.60 3.85 0.21 0.81 0.91 -3.03 0.99
Car 0.0 0 0.44 153.80 188.90 379.51 276.94 1.48 1.59 3.62 -0.49 0.81 0.90 -0.00 0.99
Car 0.0 0 -2.92 451.27 182.84 512.06 208.57 1.49 1.55 3.82 -0.22 0.77 0.93 -3.09 0.99
Car 0.0 0 3.26 472.66 179.39 532.97 203.74 1.52 1.77 4.37 -0.19 0.78 0.86 3.12 0.99
Car 0.0 0 -1.66 632.99 168.86 651.19 199.06 1.65 1.65 3.92 -0.01 0.84 1.00 -1.61 0.98
