Car 0.0 0 -1.88 730.41 190.29 906.90 307.46 1.49 1.62 3.83 0.19 0.84 0.85 -1.60 1.00
Car 0.0 0 -2.40 9.95 195.37 195.84 351.74 1.47 1.59 3.80 -0.66 0.85 0.85 -3.01 1.00
Car 0.0 0 -1.73 684.17 175.15 743.81 233.32 1.56 1.61 3.74 0.07 0.82 0.93 -1.59 1.00
Car 0.0 0 -2.07 840.31 177.73 1237.58 368.43 1.53 1.62 3.78 0.43 0.88 0.83 -1.53 1.00
Car 0.0 0 0.25 413.26 178.28 503.33 214.40 1.49 1.64 4.02 -0.26 0.78 0.96 0.05 1.00
Car 0.0 0 -1.65 659.26 178.54 679.95 206.45 1.49 1.58 3.77 0.02 0.77 0.98 -1.57 1.00
Car 0.0 0 0.36 280.95 176.65 444.26 241.93 1.60 1.63 3.96 -0.38 0.85 0.92 0.03 0.99
Car 0.0 0 0.13 488.33 169.05 538.85 191.05 1.56 1.67 4.21 -0.18 0.79 0.93 0.00 0.99
Car 0.0 0 -1.69 636.10 174.48 638.92 186.25 1.38 1.65 3.80 -0.02 0.70 1.00 -1.65 0.97
Car 0.0 0 -2.87 348.29 172.07 448.92 221.67 1.83 1.65 3.45 -0.34 0.95 0.95 3.13 0.96
Cyclist 0.0 0 1.58 587.98 169.16 577.18 185.12 1.69 0.57 1.64 -0.10 0.85 1.07 1.54 0.24
