Car 0.0 0 -1.81 732.20 185.45 848.41 273.57 1.46 1.58 3.74 0.16 0.80 0.89 -1.57 1.00
Car 0.0 0 -1.76 686.63 178.42 749.05 231.42 1.50 1.57 3.68 0.08 0.79 0.93 -1.61 1.00
Car 0.0 0 -1.91 784.44 193.35 1061.24 362.19 1.47 1.62 3.92 0.31 0.86 0.85 -1.50 1.00
Car 0.0 0 1.73 477.76 172.34 519.36 212.80 1.49 1.63 3.90 -0.20 0.77 0.94 1.58 1.00
Car 0.0 0 1.81 260.48 179.63 432.21 318.28 1.63 1.63 3.99 -0.40 0.91 0.93 1.46 1.00
Car 0.0 0 -1.72 663.02 175.77 707.61 218.26 1.51 1.62 3.83 0.04 0.79 0.95 -1.61 1.00
Car 0.0 0 2.09 5.08 115.42 344.83 374.90 2.04 1.78 4.58 -0.57 1.11 0.85 1.55 1.00
Car 0.0 0 -1.68 648.44 176.20 676.27 208.30 1.47 1.57 3.79 0.01 0.76 0.96 -1.60 0.99
Car 0.0 0 0.56 1037.64 219.90 1231.93 374.86 1.43 1.54 3.92 0.58 0.87 0.88 1.19 0.99
Car 0.0 0 -1.71 623.16 173.09 628.42 186.92 1.42 1.62 3.70 -0.04 0.72 0.93 -1.69 0.98
