Car 0.0 0 1.84 319.28 191.73 420.54 264.41 1.52 1.62 4.01 -0.37 0.83 0.94 1.52 1.00
Car 0.0 0 -0.82 16.96 210.40 180.89 374.78 1.43 1.64 3.76 -0.71 0.87 0.91 -1.43 1.00
Car 0.0 0 1.72 474.39 183.69 505.01 215.95 1.47 1.65 3.90 -0.21 0.77 0.93 1.55 1.00
Car 0.0 0 2.86 796.95 156.76 894.72 195.01 1.71 1.76 4.40 0.25 0.86 0.94 -3.11 1.00
Car 0.0 0 1.80 396.33 189.17 456.32 236.97 1.45 1.57 3.76 -0.30 0.78 0.94 1.55 1.00
Car 0.0 0 1.74 507.69 184.56 527.95 206.69 1.44 1.60 3.83 -0.18 0.75 0.97 1.62 1.00
Car 0.0 0 -2.54 1054.09 201.14 1232.19 369.73 1.44 1.61 3.88 0.62 0.86 0.92 -1.90 1.00
Car 0.0 0 -0.64 1131.10 131.96 1233.25 173.20 1.59 1.76 4.44 0.69 0.77 0.94 0.03 1.00
Car 0.0 0 1.77 445.48 186.37 485.22 223.02 1.47 1.56 3.74 -0.26 0.78 0.99 1.58 0.99
Car 0.0 0 -1.63 675.98 174.05 695.18 202.25 1.50 1.63 3.81 0.04 0.77 0.92 -1.53 0.99
Car 0.0 0 -0.59 1037.42 145.01 1142.50 174.45 1.53 1.73 4.60 0.58 0.75 0.95 0.00 0.99
Car 0.0 0 -0.57 1059.19 141.08 1177.12 172.84 1.58 1.86 4.70 0.63 0.77 0.97 0.04 0.98
Car 0.0 0 -0.62 1091.42 138.06 1208.88 173.72 1.55 1.77 4.47 0.65 0.76 0.94 0.02 0.98
Car 0.0 0 2.85 766.36 159.04 836.70 187.79 1.60 1.71 4.02 0.20 0.80 0.99 3.11 0.97
Car 0.0 0 1.70 549.75 181.37 549.62 194.23 1.46 1.39 3.51 -0.14 0.75 0.97 1.62 0.70
