Pedestrian 0.0 0 -1.58 294.50 141.04 307.85 256.12 1.90 0.67 0.82 -0.51 0.98 1.04 -1.99 0.99
Pedestrian 0.0 0 0.79 842.02 154.29 897.26 347.06 1.71 0.59 0.87 0.31 0.95 0.98 1.15 0.99
Pedestrian 0.0 0 -2.06 665.04 151.69 657.87 195.73 1.73 0.52 0.79 0.02 0.86 0.96 -1.98 0.99
Pedestrian 0.0 0 1.23 434.09 148.01 432.68 215.46 1.80 0.60 0.87 -0.30 0.91 0.98 0.99 0.99
Pedestrian 0.0 0 1.33 417.78 144.34 416.38 210.70 1.80 0.61 0.86 -0.33 0.90 1.02 1.07 0.98
Pedestrian 0.0 0 1.34 512.16 156.43 505.38 206.31 1.70 0.59 0.75 -0.20 0.85 1.04 1.20 0.98
Pedestrian 0.0 0 1.34 492.97 157.61 485.97 205.47 1.80 0.62 0.87 -0.22 0.90 0.98 1.18 0.96
Pedestrian 0.0 0 1.04 766.73 154.27 780.25 257.22 1.87 0.70 0.98 0.17 0.97 0.97 1.27 0.95
Pedestrian 0.0 0 1.05 776.51 146.81 794.58 257.67 1.77 0.68 0.95 0.19 0.92 0.98 1.30 0.95
Pedestrian 0.0 0 -0.85 634.62 152.73 623.81 188.19 1.70 0.61 0.66 -0.02 0.84 1.04 -0.81 0.93
Pedestrian 0.0 0 1.39 461.82 148.13 453.88 199.24 1.82 0.68 0.90 -0.27 0.90 1.00 1.19 0.91
Cyclist 0.0 0 2.86 371.94 149.48 383.26 199.20 1.67 0.72 1.04 -0.39 0.83 1.01 2.55 0.69
