Car 0.0 0 -1.86 746.31 174.64 962.69 324.34 1.53 1.63 3.85 0.23 0.86 0.85 -1.53 1.00
Car 0.0 0 1.82 356.42 191.94 456.63 266.22 1.46 1.62 3.95 -0.32 0.80 0.92 1.55 1.00
Car 0.0 0 -1.79 708.12 176.06 807.99 256.51 1.54 1.60 3.88 0.12 0.82 0.88 -1.59 1.00
Car 0.0 0 1.73 431.50 179.38 492.60 239.33 1.54 1.58 3.84 -0.25 0.82 0.93 1.52 1.00
Car 0.0 0 0.77 14.38 196.15 174.27 302.46 1.54 1.61 3.96 -0.68 0.86 0.87 0.15 1.00
Car 0.0 0 -1.71 677.85 175.25 725.25 219.80 1.49 1.62 3.87 0.06 0.78 0.98 -1.58 1.00
Car 0.0 0 1.71 479.31 183.03 517.99 224.69 1.49 1.64 3.89 -0.20 0.79 0.94 1.55 1.00
Car 0.0 0 -2.57 1141.76 185.22 1232.23 378.15 1.52 1.62 3.86 0.72 0.91 0.97 -1.89 0.99
Car 0.0 0 -1.67 542.66 181.87 548.51 194.96 1.38 1.66 3.64 -0.14 0.71 0.96 -1.76 0.99
Car 0.0 0 -1.65 637.34 177.19 639.35 191.72 1.49 1.60 3.59 -0.02 0.76 0.95 -1.61 0.95
Car 0.0 0 -2.01 595.81 179.31 602.36 189.02 1.46 1.57 3.39 -0.07 0.74 0.91 -2.03 0.40
