Car 0.0 0 -1.88 770.41 184.29 954.03 305.57 1.49 1.64 4.04 0.23 0.83 0.83 -1.54 1.00
Car 0.0 0 -2.11 866.74 191.33 1234.90 371.05 1.49 1.59 3.63 0.44 0.87 0.82 -1.57 1.00
Car 0.0 0 -1.80 736.40 182.46 827.73 252.47 1.51 1.60 3.82 0.16 0.81 0.91 -1.57 1.00
Car 0.0 0 2.01 147.28 195.91 377.95 318.47 1.42 1.60 3.96 -0.49 0.82 0.89 1.56 1.00
Car 0.0 0 2.30 9.67 206.18 228.54 372.55 1.51 1.63 3.87 -0.67 0.90 0.90 1.70 1.00
Car 0.0 0 1.77 460.29 181.94 504.74 219.91 1.45 1.59 3.80 -0.23 0.76 0.96 1.60 1.00
Car 0.0 0 -1.70 702.27 178.32 743.23 222.02 1.56 1.58 3.78 0.09 0.82 0.98 -1.55 1.00
Car 0.0 0 1.74 489.59 179.76 523.77 212.89 1.48 1.64 4.00 -0.20 0.77 0.96 1.60 1.00
Car 0.0 0 -1.75 711.94 179.95 772.47 231.50 1.50 1.61 3.83 0.12 0.79 0.97 -1.57 0.99
Car 0.0 0 -1.69 635.97 177.18 639.17 191.10 1.45 1.59 3.57 -0.02 0.74 0.94 -1.65 0.90
Car 0.0 0 -1.28 659.94 176.25 673.32 191.86 1.52 1.63 3.56 0.01 0.78 0.93 -1.21 0.66
