Car 0.0 0 -1.78 724.93 185.61 863.91 295.95 1.52 1.62 3.76 0.17 0.84 0.88 -1.53 1.00
Car 0.0 0 -1.34 356.48 186.44 463.94 270.01 1.48 1.63 3.90 -0.32 0.81 0.93 -1.61 1.00
Car 0.0 0 -1.65 670.25 180.07 701.71 219.90 1.53 1.61 3.69 0.05 0.80 0.99 -1.54 1.00
Car 0.0 0 -1.12 26.11 216.98 347.06 368.77 1.34 1.55 3.79 -0.61 0.83 0.94 -1.65 1.00
Car 0.0 0 1.74 480.45 187.42 514.18 221.69 1.52 1.59 3.90 -0.22 0.80 1.02 1.59 1.00
Car 0.0 0 1.69 523.53 185.88 535.46 206.20 1.49 1.60 3.95 -0.17 0.78 0.99 1.58 0.99
Car 0.0 0 -1.58 645.34 181.51 646.70 194.70 1.42 1.62 3.74 -0.01 0.73 0.96 -1.53 0.99
Car 0.0 0 -2.68 1103.72 219.97 1229.84 366.04 1.40 1.54 3.76 0.73 0.87 1.02 -2.02 0.99
Cyclist 0.0 0 1.60 574.23 181.24 565.47 203.15 1.77 0.64 1.83 -0.12 0.91 1.06 1.54 0.98
Cyclist 0.0 0 1.60 585.75 178.73 578.26 198.21 1.74 0.68 1.84 -0.10 0.89 1.05 1.56 0.98
