Car 0.0 0 -1.84 763.00 189.33 905.53 285.53 1.42 1.60 3.85 0.22 0.79 0.90 -1.54 1.00
Car 0.0 0 -1.75 733.69 185.05 805.79 247.31 1.53 1.60 3.77 0.14 0.82 0.90 -1.54 1.00
Car 0.0 0 1.79 486.47 184.59 532.30 225.27 1.54 1.59 3.77 -0.20 0.81 1.01 1.66 1.00
Car 0.0 0 3.31 989.83 171.56 1199.06 238.10 1.45 1.58 4.18 0.56 0.77 0.91 -2.38 1.00
Car 0.0 0 3.07 1111.54 173.56 1229.26 252.30 1.49 1.58 3.70 0.65 0.80 0.91 -2.55 0.99
Car 0.0 0 -1.59 698.97 175.19 711.94 201.66 1.62 1.69 3.82 0.07 0.83 0.98 -1.46 0.99
Car 0.0 0 3.00 1205.62 156.46 1231.42 261.55 1.60 1.64 3.94 0.71 0.85 0.91 -2.58 0.99
Car 0.0 0 1.79 611.37 181.92 616.94 193.97 1.42 1.58 3.86 -0.05 0.73 0.95 1.79 0.99
Car 0.0 0 0.36 252.81 188.63 344.18 220.08 1.58 1.61 4.44 -0.48 0.83 0.97 -0.05 0.98
Car 0.0 0 1.71 516.88 185.28 544.63 215.54 1.49 1.65 3.97 -0.16 0.78 0.95 1.60 0.98
Car 0.0 0 1.72 555.23 188.59 570.34 210.82 1.47 1.56 3.78 -0.12 0.77 0.91 1.66 0.75
