Car 0.0 0 -0.88 11.63 189.47 305.50 372.64 1.51 1.68 3.82 -0.60 0.87 0.86 -1.44 1.00
Car 0.0 0 -1.13 206.31 183.63 333.84 251.54 1.50 1.60 3.81 -0.49 0.79 0.92 -1.57 1.00
Car 0.0 0 -1.40 440.48 179.21 513.81 247.92 1.51 1.62 4.11 -0.23 0.79 0.96 -1.58 1.00
Car 0.0 0 -1.31 377.84 185.78 424.57 223.02 1.47 1.61 3.90 -0.33 0.76 0.94 -1.58 1.00
Car 0.0 0 -1.59 568.19 183.03 600.96 226.28 1.50 1.64 3.67 -0.09 0.77 0.91 -1.62 0.99
Car 0.0 0 -1.44 498.47 185.54 527.85 217.22 1.43 1.59 3.84 -0.19 0.74 1.01 -1.57 0.99
Car 0.0 0 -1.30 343.34 183.29 378.79 211.03 1.47 1.61 3.91 -0.43 0.75 1.06 -1.63 0.99
Car 0.0 0 -0.89 8.70 189.84 74.45 269.21 1.48 1.68 4.00 -0.90 0.81 1.07 -1.56 0.98
Car 0.0 0 -1.55 533.60 183.40 540.52 203.66 1.53 1.66 3.65 -0.16 0.78 1.00 -1.64 0.95
Car 0.0 0 -1.14 190.65 186.80 278.43 231.60 1.47 1.60 3.94 -0.62 0.77 1.07 -1.62 0.86
