Car 0.0 0 2.08 10.25 211.89 268.01 358.04 1.45 1.57 3.73 -0.63 0.86 0.88 1.50 1.00
Car 0.0 0 1.96 250.78 200.42 386.82 280.09 1.49 1.60 3.94 -0.43 0.83 0.93 1.57 1.00
Car 0.0 0 2.42 1073.84 146.54 1227.49 238.78 1.59 1.61 3.75 0.57 0.82 0.84 3.06 1.00
Car 0.0 0 1.91 389.73 193.13 461.07 240.31 1.50 1.62 3.87 -0.30 0.81 0.96 1.66 1.00
Car 0.0 0 -1.76 711.00 178.00 795.91 248.51 1.49 1.60 3.84 0.13 0.80 0.93 -1.56 1.00
Car 0.0 0 2.72 855.71 158.35 1005.80 217.86 1.70 1.68 3.92 0.35 0.87 0.92 3.14 1.00
Car 0.0 0 2.65 924.02 145.58 1097.13 224.18 1.66 1.64 3.55 0.46 0.85 0.93 -3.12 1.00
Car 0.0 0 -1.73 687.14 178.82 742.52 229.36 1.55 1.63 3.86 0.08 0.82 0.93 -1.59 1.00
Car 0.0 0 2.49 997.76 137.14 1192.09 234.06 1.59 1.69 3.88 0.53 0.81 0.87 3.08 0.99
Car 0.0 0 -1.83 596.86 178.59 606.48 190.87 1.42 1.67 3.73 -0.07 0.72 0.99 -1.84 0.98
Car 0.0 0 1.76 492.38 185.43 518.43 213.89 1.53 1.61 3.94 -0.20 0.80 0.96 1.61 0.98
Car 0.0 0 -1.65 672.83 182.19 691.37 209.72 1.52 1.62 3.79 0.03 0.79 0.94 -1.55 0.98
Car 0.0 0 1.74 529.12 182.81 537.65 201.00 1.49 1.59 3.96 -0.16 0.77 0.98 1.63 0.96
