Car 0.0 0 1.83 367.72 182.43 444.82 241.53 1.57 1.64 3.97 -0.33 0.84 0.95 1.56 1.00
Car 0.0 0 -1.85 742.69 180.73 919.03 301.33 1.46 1.58 3.65 0.21 0.81 0.87 -1.56 1.00
Car 0.0 0 2.03 176.03 200.54 357.52 296.74 1.46 1.59 3.99 -0.49 0.83 0.91 1.59 1.00
Car 0.0 0 1.79 425.85 182.23 474.81 225.73 1.53 1.62 3.83 -0.27 0.80 0.93 1.57 1.00
Car 0.0 0 2.23 10.18 207.10 195.32 371.91 1.48 1.60 3.88 -0.69 0.89 0.90 1.62 1.00
Car 0.0 0 1.71 530.01 184.24 537.13 199.11 1.38 1.57 3.98 -0.16 0.71 0.99 1.61 0.99
Car 0.0 0 1.74 482.94 184.46 506.60 208.97 1.44 1.62 3.92 -0.23 0.76 1.04 1.59 0.97
Car 0.0 0 -1.62 649.29 177.89 650.99 191.11 1.47 1.66 3.76 -0.00 0.75 0.99 -1.56 0.96
Car 0.0 0 2.98 710.25 171.52 751.08 188.29 1.53 1.74 4.21 0.10 0.77 0.93 -3.14 0.96
Car 0.0 0 1.70 561.50 181.42 570.01 196.67 1.46 1.63 3.91 -0.12 0.75 1.04 1.64 0.94
