Pedestrian 0.0 0 -1.04 187.74 158.47 225.96 323.73 1.90 0.57 0.61 -0.65 1.05 1.06 -1.55 0.99
Pedestrian 0.0 0 -1.13 271.70 173.46 284.85 285.73 1.79 0.35 0.30 -0.54 0.98 1.04 -1.56 0.96
Car 0.0 0 -1.76 671.86 176.71 749.20 242.19 1.50 1.64 3.88 0.08 0.80 0.96 -1.62 1.00
Car 0.0 0 -2.33 924.24 207.83 1227.23 371.60 1.46 1.56 3.64 0.54 0.88 0.93 -1.75 1.00
Car 0.0 0 -1.69 646.88 174.93 678.26 209.42 1.52 1.61 3.94 0.01 0.79 0.98 -1.62 0.99
Car 0.0 0 -1.05 20.62 192.59 392.52 370.52 1.53 1.64 3.98 -0.56 0.90 0.89 -1.56 0.99
Car 0.0 0 -1.51 524.75 175.38 551.22 209.97 1.48 1.61 3.87 -0.16 0.77 1.02 -1.61 0.99
Car 0.0 0 -1.25 200.81 187.17 420.23 336.23 1.44 1.63 3.83 -0.46 0.84 0.95 -1.64 0.97
Car 0.0 0 -1.61 634.74 174.04 642.04 194.32 1.57 1.61 3.83 -0.02 0.80 1.01 -1.57 0.97
Car 0.0 0 -1.49 549.28 178.43 558.43 197.55 1.42 1.61 3.66 -0.13 0.73 0.90 -1.57 0.93
