Car 0.0 0 -1.42 450.16 180.41 520.02 245.82 1.46 1.62 4.08 -0.22 0.77 0.94 -1.59 1.00
Car 0.0 0 -1.21 239.04 182.20 349.07 245.07 1.47 1.62 3.94 -0.48 0.77 0.95 -1.62 1.00
Car 0.0 0 -1.59 567.11 181.56 602.82 228.27 1.54 1.66 3.76 -0.09 0.80 0.95 -1.62 1.00
Car 0.0 0 -1.02 12.46 184.35 359.89 371.19 1.53 1.66 4.01 -0.59 0.88 0.90 -1.55 1.00
Car 0.0 0 -1.47 504.96 185.39 528.87 216.42 1.48 1.57 3.81 -0.18 0.76 0.96 -1.59 1.00
Car 0.0 0 -1.33 387.41 185.91 432.39 222.64 1.48 1.62 3.81 -0.34 0.77 1.00 -1.60 0.99
Car 0.0 0 -1.29 352.34 184.44 387.07 210.47 1.41 1.61 3.93 -0.42 0.73 1.08 -1.61 0.99
Car 0.0 0 -0.94 8.95 189.24 115.11 270.37 1.49 1.59 3.84 -0.84 0.81 1.02 -1.58 0.96
Car 0.0 0 -1.16 205.33 188.13 294.84 231.85 1.41 1.54 3.82 -0.58 0.74 1.04 -1.62 0.94
Car 0.0 0 -1.52 537.55 183.99 544.17 203.24 1.49 1.62 3.70 -0.15 0.76 1.02 -1.61 0.91
