Car 0.0 0 0.59 9.56 168.19 300.28 346.06 1.70 1.67 4.06 -0.54 0.94 0.77 0.02 1.00
Car 0.0 0 -2.72 202.11 180.06 411.55 260.78 1.57 1.63 3.93 -0.43 0.85 0.89 -3.12 1.00
Car 0.0 0 -1.81 723.40 189.37 857.83 291.47 1.53 1.61 3.83 0.16 0.85 0.86 -1.57 1.00
Car 0.0 0 0.27 347.88 183.92 471.69 232.76 1.51 1.60 3.92 -0.33 0.80 0.96 0.00 1.00
Car 0.0 0 -1.70 676.21 188.02 718.88 229.49 1.44 1.61 3.86 0.06 0.77 0.96 -1.57 1.00
Car 0.0 0 -1.96 786.38 204.72 1099.45 372.93 1.39 1.53 3.56 0.33 0.83 0.85 -1.53 1.00
Car 0.0 0 -2.46 983.68 201.41 1230.89 369.48 1.44 1.62 3.77 0.58 0.87 0.92 -1.85 1.00
Car 0.0 0 -2.57 31.72 166.27 310.67 298.97 1.76 1.59 3.34 -0.59 0.95 0.87 -3.12 1.00
Car 0.0 0 -2.93 409.36 181.52 498.09 218.64 1.57 1.63 3.99 -0.26 0.82 0.92 -3.14 1.00
Car 0.0 0 0.61 146.82 184.56 378.60 273.42 1.53 1.62 3.80 -0.47 0.83 0.84 0.16 0.99
Car 0.0 0 -2.35 8.12 192.93 140.57 378.76 1.55 1.63 3.94 -0.72 0.92 0.89 -2.99 0.99
Car 0.0 0 3.30 447.04 181.67 517.72 211.11 1.45 1.65 4.10 -0.23 0.75 0.94 3.12 0.99
Car 0.0 0 -1.64 658.66 181.85 679.70 212.58 1.53 1.63 3.84 0.02 0.80 1.00 -1.56 0.96
