Pedestrian 0.0 0 0.87 927.54 167.98 988.22 365.66 1.58 0.56 0.73 0.39 0.90 0.90 1.33 0.99
Pedestrian 0.0 0 1.07 553.16 143.74 569.75 260.18 1.86 0.62 1.00 -0.12 0.96 0.99 1.01 0.99
Pedestrian 0.0 0 1.27 466.92 145.16 462.77 209.39 1.84 0.65 0.95 -0.27 0.92 1.05 1.08 0.99
Pedestrian 0.0 0 1.29 639.21 143.04 652.18 253.04 1.82 0.66 0.98 -0.00 0.94 0.98 1.35 0.99
Pedestrian 0.0 0 -1.51 295.30 144.12 307.59 253.18 1.88 0.66 0.84 -0.51 0.97 1.04 -1.92 0.99
Pedestrian 0.0 0 0.74 854.50 181.73 916.71 367.28 1.51 0.57 0.78 0.33 0.89 0.98 1.12 0.99
Pedestrian 0.0 0 1.26 587.95 150.54 597.86 253.70 1.80 0.68 0.93 -0.08 0.93 1.00 1.24 0.99
Pedestrian 0.0 0 1.38 491.89 147.15 487.25 207.86 1.80 0.67 0.82 -0.22 0.90 0.97 1.22 0.98
Pedestrian 0.0 0 1.41 414.90 147.00 411.79 208.59 1.80 0.65 0.90 -0.33 0.90 0.98 1.14 0.98
Pedestrian 0.0 0 -1.69 618.84 147.85 617.03 216.99 1.81 0.58 0.90 -0.04 0.91 0.98 -1.67 0.98
Pedestrian 0.0 0 1.48 531.86 152.12 526.60 204.08 1.81 0.71 0.98 -0.16 0.91 0.97 1.37 0.97
Pedestrian 0.0 0 1.27 439.83 149.37 433.73 206.13 1.78 0.60 0.78 -0.31 0.89 1.06 1.04 0.96
Pedestrian 0.0 0 1.33 519.60 146.06 515.58 203.34 1.81 0.63 0.89 -0.18 0.90 0.94 1.21 0.95
Pedestrian 0.0 0 1.36 550.96 143.16 546.08 206.77 1.91 0.70 0.83 -0.14 0.95 1.02 1.28 0.94
Pedestrian 0.0 0 -0.95 656.14 144.69 658.47 210.45 1.72 0.65 0.79 0.02 0.86 1.05 -0.87 0.86
