Car 0.0 0 1.81 429.18 183.78 502.09 242.15 1.54 1.60 3.76 -0.25 0.83 0.95 1.62 1.00
Car 0.0 0 -1.84 784.81 187.77 955.63 301.52 1.46 1.63 4.06 0.25 0.81 0.85 -1.50 1.00
Car 0.0 0 -2.09 891.06 205.13 1234.16 372.06 1.44 1.56 3.53 0.46 0.85 0.83 -1.53 1.00
Car 0.0 0 -1.61 704.97 178.25 721.65 206.47 1.57 1.65 3.82 0.08 0.81 0.96 -1.46 1.00
Car 0.0 0 1.76 477.62 185.26 526.75 230.31 1.52 1.65 4.10 -0.20 0.80 0.93 1.61 1.00
Car 0.0 0 0.41 146.24 188.59 266.63 228.08 1.52 1.62 4.41 -0.61 0.81 0.98 -0.10 0.99
Car 0.0 0 2.98 1195.16 169.55 1232.24 287.80 1.58 1.62 3.90 0.73 0.86 0.94 -2.61 0.99
Car 0.0 0 1.71 517.44 188.90 542.22 218.82 1.47 1.60 3.97 -0.16 0.78 0.93 1.60 0.99
Car 0.0 0 1.79 602.68 182.24 609.28 194.64 1.44 1.62 3.93 -0.06 0.74 0.97 1.78 0.98
Car 0.0 0 1.74 537.35 185.96 561.36 213.48 1.47 1.63 4.03 -0.14 0.77 0.94 1.66 0.98
