Car 0.0 0 -1.93 779.28 181.96 1065.50 366.18 1.50 1.60 3.64 0.30 0.87 0.82 -1.52 1.00
Car 0.0 0 1.79 411.73 190.73 488.18 257.62 1.55 1.64 3.95 -0.27 0.84 0.96 1.57 1.00
Car 0.0 0 1.84 298.51 194.42 435.41 294.94 1.49 1.59 3.81 -0.37 0.84 0.92 1.52 1.00
Car 0.0 0 -1.75 707.12 188.80 792.01 261.04 1.48 1.59 3.81 0.12 0.81 0.91 -1.56 1.00
Car 0.0 0 2.01 49.97 214.13 347.38 371.54 1.43 1.59 3.81 -0.55 0.86 0.86 1.49 1.00
Car 0.0 0 -1.73 687.32 187.97 741.97 236.57 1.48 1.58 3.76 0.08 0.79 0.94 -1.59 1.00
Car 0.0 0 -2.51 1014.85 199.15 1231.49 371.62 1.47 1.60 3.80 0.60 0.88 0.92 -1.89 0.99
Car 0.0 0 -1.77 616.48 188.39 627.40 204.13 1.43 1.63 3.60 -0.04 0.75 0.95 -1.75 0.99
Car 0.0 0 -1.76 595.31 190.67 600.18 202.08 1.32 1.62 3.56 -0.08 0.69 0.98 -1.78 0.99
Car 0.0 0 1.41 652.90 183.93 673.11 215.88 1.53 1.57 3.75 0.01 0.80 0.88 1.49 0.99
Car 0.0 0 -1.65 637.29 186.64 645.62 206.70 1.48 1.63 3.72 -0.02 0.77 0.97 -1.61 0.98
Car 0.0 0 -1.71 529.40 193.84 537.21 208.29 1.35 1.65 3.69 -0.17 0.72 1.01 -1.81 0.90
