Car 0.0 0 -1.76 707.33 194.55 791.43 263.62 1.37 1.54 3.62 0.12 0.74 0.90 -1.56 1.00
Car 0.0 0 -1.34 412.97 189.23 493.65 252.56 1.39 1.60 3.79 -0.26 0.74 0.91 -1.55 1.00
Car 0.0 0 -1.14 48.83 199.35 386.90 371.66 1.43 1.61 3.99 -0.54 0.84 0.88 -1.63 1.00
Car 0.0 0 -1.17 232.05 189.61 339.60 244.48 1.49 1.59 3.63 -0.49 0.79 0.96 -1.59 1.00
Car 0.0 0 -1.29 374.07 190.56 420.32 226.42 1.47 1.59 3.73 -0.34 0.77 0.94 -1.57 1.00
Car 0.0 0 -1.48 537.01 187.93 545.08 205.44 1.40 1.59 3.57 -0.15 0.72 0.97 -1.57 0.99
Car 0.0 0 -1.35 427.16 186.59 456.46 215.92 1.42 1.58 3.80 -0.31 0.73 1.07 -1.58 0.98
Car 0.0 0 -1.53 632.26 185.77 633.83 200.22 1.42 1.63 3.69 -0.02 0.72 1.00 -1.50 0.98
Car 0.0 0 -1.67 657.43 185.96 682.86 216.46 1.47 1.63 4.02 0.03 0.76 1.04 -1.58 0.98
Car 0.0 0 -1.45 481.35 189.37 521.61 227.63 1.41 1.58 3.84 -0.20 0.74 0.96 -1.60 0.97
Car 0.0 0 -1.56 599.12 187.45 603.97 205.09 1.41 1.53 3.61 -0.07 0.72 1.00 -1.56 0.92
