Pedestrian 0.0 0 0.76 938.66 146.74 1016.37 362.52 1.71 0.65 0.88 0.45 0.96 0.95 1.24 1.00
Pedestrian 0.0 0 1.29 608.04 146.63 619.35 241.79 1.80 0.62 0.93 -0.05 0.92 0.96 1.30 0.99
Pedestrian 0.0 0 1.30 515.06 142.92 518.57 227.94 1.85 0.64 0.96 -0.19 0.94 1.02 1.18 0.99
Pedestrian 0.0 0 1.25 582.32 141.46 588.84 230.35 1.78 0.62 0.99 -0.09 0.90 0.94 1.22 0.99
Pedestrian 0.0 0 1.35 489.84 156.65 487.84 222.59 1.80 0.63 0.88 -0.22 0.91 0.98 1.19 0.99
Pedestrian 0.0 0 1.61 458.88 148.39 462.95 230.80 1.82 0.68 0.93 -0.27 0.93 1.02 1.41 0.99
Pedestrian 0.0 0 0.69 1006.50 144.36 1140.87 364.80 1.70 0.64 0.81 0.55 0.95 0.91 1.27 0.99
Pedestrian 0.0 0 0.58 283.65 139.30 302.72 257.60 1.85 0.67 0.89 -0.53 0.96 1.06 0.16 0.99
Pedestrian 0.0 0 1.20 650.05 136.36 663.71 243.12 1.82 0.68 0.99 0.01 0.92 0.98 1.28 0.98
Pedestrian 0.0 0 -1.09 709.21 154.61 701.15 201.14 1.68 0.54 0.67 0.09 0.84 1.03 -0.95 0.97
Pedestrian 0.0 0 1.21 558.50 143.25 563.11 228.14 1.80 0.69 0.94 -0.12 0.91 0.96 1.15 0.97
Pedestrian 0.0 0 1.79 435.92 147.52 421.45 184.76 1.89 0.65 0.70 -0.32 0.93 1.04 1.55 0.95
Pedestrian 0.0 0 1.26 545.03 155.35 545.54 223.96 1.77 0.69 0.94 -0.14 0.90 0.93 1.18 0.85
Pedestrian 0.0 0 1.17 639.77 142.52 645.40 222.10 1.65 0.58 0.96 -0.01 0.83 0.92 1.22 0.84
Cyclist 0.0 0 2.61 357.60 160.49 350.57 188.40 1.62 0.56 1.11 -0.40 0.80 0.95 2.27 0.42
Cyclist 0.0 0 2.92 381.83 153.44 390.31 194.22 1.69 0.70 1.30 -0.36 0.84 0.96 2.62 0.41
