Pedestrian 0.0 0 1.24 514.05 144.08 553.48 324.34 1.92 0.66 0.96 -0.15 1.03 0.94 1.14 1.00
Pedestrian 0.0 0 0.60 934.30 149.02 997.12 343.81 1.80 0.68 0.99 0.43 0.99 0.96 1.07 1.00
Pedestrian 0.0 0 0.73 1025.96 147.46 1081.58 337.47 1.78 0.61 0.91 0.54 0.98 0.94 1.29 1.00
Pedestrian 0.0 0 1.03 650.61 164.00 672.56 288.01 1.83 0.62 0.90 0.02 0.98 0.99 1.11 0.99
Pedestrian 0.0 0 1.05 736.41 150.69 778.30 333.55 1.86 0.64 0.89 0.15 1.01 0.97 1.26 0.99
Pedestrian 0.0 0 3.05 905.01 161.26 912.28 242.83 1.73 0.75 0.94 0.41 0.90 1.08 -2.83 0.99
Pedestrian 0.0 0 0.91 814.71 143.92 868.08 341.07 1.80 0.62 0.98 0.27 0.99 0.99 1.24 0.99
Pedestrian 0.0 0 0.80 267.97 141.57 287.41 263.21 1.89 0.66 0.90 -0.55 0.98 1.06 0.37 0.99
Pedestrian 0.0 0 1.35 597.46 137.95 631.19 300.06 1.82 0.62 0.89 -0.05 0.96 0.91 1.36 0.98
Pedestrian 0.0 0 1.46 513.52 145.68 520.33 234.51 1.82 0.66 0.90 -0.18 0.93 0.98 1.34 0.98
Pedestrian 0.0 0 1.25 620.94 141.01 629.58 232.26 1.79 0.64 0.96 -0.03 0.90 0.96 1.28 0.98
Pedestrian 0.0 0 0.60 1062.88 115.31 1212.59 362.47 1.84 0.64 0.94 0.67 1.00 0.96 1.24 0.98
Pedestrian 0.0 0 1.12 678.21 148.75 699.88 279.87 1.80 0.63 1.02 0.06 0.95 0.97 1.24 0.97
Pedestrian 0.0 0 1.12 564.97 166.62 590.51 301.47 1.75 0.63 0.93 -0.10 0.95 1.01 1.08 0.97
Pedestrian 0.0 0 1.34 584.33 150.62 594.53 246.12 1.75 0.63 0.81 -0.08 0.90 0.92 1.32 0.94
Pedestrian 0.0 0 -2.74 676.25 146.43 672.95 201.25 1.78 0.49 0.64 0.04 0.88 1.00 -2.64 0.93
