Pedestrian 0.0 0 -2.14 730.92 172.08 767.46 317.81 1.74 0.77 0.89 0.16 0.96 1.05 -1.94 0.99
Pedestrian 0.0 0 -1.90 786.86 177.74 829.37 342.33 1.72 0.87 0.95 0.24 0.98 1.05 -1.62 0.99
Pedestrian 0.0 0 -1.96 898.34 176.47 957.07 367.73 1.69 0.80 0.85 0.43 0.98 1.07 -1.53 0.99
Pedestrian 0.0 0 -2.26 863.89 163.66 898.82 293.33 1.78 0.81 0.92 0.36 0.96 1.08 -1.89 0.99
Pedestrian 0.0 0 -2.10 554.14 161.97 574.26 263.40 1.78 0.72 0.90 -0.11 0.93 1.03 -2.15 0.99
Pedestrian 0.0 0 -2.05 965.99 156.66 1066.08 373.68 1.78 0.86 0.91 0.56 1.02 1.06 -1.52 0.99
Pedestrian 0.0 0 -1.60 688.47 162.26 687.49 221.11 1.72 0.84 0.87 0.07 0.88 1.02 -1.47 0.98
Pedestrian 0.0 0 -2.66 767.33 167.84 795.27 280.71 1.84 0.73 0.92 0.20 0.98 1.03 -2.41 0.97
Pedestrian 0.0 0 -2.28 817.20 157.87 849.81 283.95 1.77 0.82 1.02 0.28 0.94 1.04 -1.97 0.97
Pedestrian 0.0 0 -2.17 811.40 161.74 847.22 296.68 1.80 0.79 0.97 0.27 0.97 1.02 -1.86 0.96
Pedestrian 0.0 0 -1.79 830.57 174.93 866.74 331.03 1.73 0.65 0.91 0.25 0.96 0.90 -1.45 0.95
Car 0.0 0 1.69 551.25 172.54 592.15 227.37 1.55 1.63 3.68 -0.10 0.80 0.97 1.65 0.93
