Pedestrian 0.0 0 -2.50 377.90 172.65 398.49 275.32 1.78 0.69 0.83 -0.36 0.95 1.03 -2.79 1.00
Pedestrian 0.0 0 -1.82 851.22 152.49 902.52 336.42 1.79 0.78 1.00 0.33 0.99 1.02 -1.45 1.00
Pedestrian 0.0 0 -1.85 767.68 170.48 816.02 341.11 1.69 0.87 0.91 0.22 0.95 1.03 -1.59 0.99
Pedestrian 0.0 0 3.23 1174.26 146.63 1219.41 286.00 1.75 0.60 1.15 0.83 0.93 1.07 -2.36 0.99
Pedestrian 0.0 0 -1.63 21.70 170.62 76.21 349.39 1.78 0.75 0.99 -0.81 1.00 0.98 -2.29 0.99
Pedestrian 0.0 0 1.82 1020.14 156.33 1046.78 268.42 1.74 0.66 0.80 0.52 0.91 0.97 2.36 0.99
Pedestrian 0.0 0 2.87 1107.22 141.70 1165.47 298.75 1.74 0.72 1.11 0.78 0.93 1.12 -2.77 0.99
Pedestrian 0.0 0 1.86 416.00 174.06 425.20 252.54 1.75 0.66 0.79 -0.31 0.92 1.01 1.62 0.98
Pedestrian 0.0 0 -1.97 672.97 174.61 677.92 239.17 1.64 0.68 0.81 0.04 0.85 0.99 -1.87 0.98
Pedestrian 0.0 0 -2.47 864.05 153.89 890.03 263.76 1.83 0.78 0.94 0.34 0.96 1.04 -2.10 0.98
Pedestrian 0.0 0 -1.86 695.28 177.24 697.68 230.46 1.70 0.68 0.79 0.08 0.88 1.01 -1.73 0.96
Pedestrian 0.0 0 1.86 447.21 175.31 456.66 248.13 1.67 0.67 0.89 -0.27 0.88 1.03 1.66 0.94
Car 0.0 0 1.71 439.63 166.23 488.48 219.56 1.77 1.67 4.29 -0.24 0.90 0.96 1.52 0.99
Car 0.0 0 1.69 469.52 170.37 507.52 212.58 1.61 1.65 4.32 -0.20 0.82 0.92 1.53 0.99
Car 0.0 0 1.57 541.67 170.43 553.98 197.71 1.53 1.63 4.04 -0.13 0.77 0.95 1.50 0.99
