Car 0.0 0 1.85 353.69 179.50 459.65 261.17 1.56 1.62 3.98 -0.32 0.84 0.93 1.57 1.00
Car 0.0 0 -1.79 731.00 173.70 865.36 277.47 1.54 1.63 3.87 0.18 0.84 0.91 -1.54 1.00
Car 0.0 0 1.91 164.73 182.09 377.14 331.88 1.51 1.59 3.75 -0.48 0.86 0.89 1.47 1.00
Car 0.0 0 -2.18 896.83 183.22 1237.28 371.31 1.51 1.60 3.62 0.47 0.88 0.83 -1.61 1.00
Car 0.0 0 -1.79 698.19 176.37 779.72 240.09 1.51 1.60 3.81 0.10 0.80 0.91 -1.62 1.00
Car 0.0 0 2.26 12.33 221.44 201.26 372.57 1.45 1.60 3.83 -0.71 0.89 0.93 1.65 1.00
Car 0.0 0 1.47 656.15 171.56 683.50 206.01 1.50 1.58 4.05 0.02 0.77 0.90 1.55 1.00
Car 0.0 0 -1.68 635.48 177.36 648.58 198.06 1.47 1.56 3.71 -0.02 0.75 0.94 -1.64 0.99
Car 0.0 0 -1.86 615.94 177.08 627.36 191.48 1.45 1.62 3.66 -0.04 0.74 0.93 -1.84 0.99
Car 0.0 0 -1.74 590.45 177.33 598.05 190.60 1.41 1.64 3.62 -0.08 0.72 0.92 -1.76 0.99
Car 0.0 0 -1.70 519.98 183.13 531.69 200.42 1.38 1.55 3.53 -0.17 0.72 0.97 -1.81 0.96
