Car 0.0 0 -1.79 714.17 177.16 841.88 279.73 1.53 1.61 3.83 0.14 0.83 0.86 -1.56 1.00
Car 0.0 0 -2.18 878.96 206.01 1230.93 372.55 1.44 1.58 3.69 0.46 0.86 0.84 -1.62 1.00
Car 0.0 0 0.25 359.26 181.01 469.47 228.21 1.53 1.63 3.90 -0.31 0.81 0.94 -0.02 1.00
Car 0.0 0 0.59 60.08 181.73 360.93 284.75 1.49 1.62 4.11 -0.52 0.82 0.84 0.08 1.00
Car 0.0 0 0.43 176.21 177.33 397.42 264.39 1.59 1.62 3.75 -0.47 0.86 0.91 0.01 0.99
Car 0.0 0 0.21 393.91 178.86 491.56 222.39 1.54 1.62 3.74 -0.28 0.81 0.94 -0.02 0.99
Car 0.0 0 -1.65 672.41 181.58 705.73 218.95 1.46 1.60 3.61 0.04 0.76 0.90 -1.54 0.99
Car 0.0 0 0.16 466.41 168.01 522.41 192.15 1.62 1.74 4.20 -0.22 0.82 0.97 -0.00 0.99
Car 0.0 0 -2.73 234.51 169.15 387.18 248.12 1.90 1.60 3.06 -0.43 0.99 0.90 -3.12 0.99
Car 0.0 0 -2.80 280.03 186.40 405.63 238.18 1.48 1.57 3.55 -0.39 0.79 0.89 3.12 0.97
Car 0.0 0 0.23 406.84 172.71 501.62 214.12 1.68 1.66 4.17 -0.27 0.87 0.96 0.02 0.97
Car 0.0 0 -1.65 637.51 177.94 639.46 190.34 1.44 1.63 3.72 -0.02 0.74 0.96 -1.61 0.93
Cyclist 0.0 0 1.54 583.64 175.29 572.13 192.97 1.74 0.55 1.71 -0.11 0.89 1.03 1.50 0.93
