Car 0.0 0 -1.01 11.21 201.07 184.83 354.39 1.42 1.57 3.60 -0.69 0.83 0.89 -1.63 1.00
Car 0.0 0 -1.71 566.65 183.32 635.00 250.09 1.54 1.65 3.70 -0.07 0.81 0.90 -1.72 1.00
Car 0.0 0 -1.32 303.19 190.26 364.24 234.64 1.42 1.62 3.81 -0.43 0.75 0.97 -1.68 1.00
Car 0.0 0 -1.21 193.81 192.29 320.61 267.11 1.38 1.57 3.76 -0.51 0.75 0.93 -1.66 1.00
Car 0.0 0 -1.39 380.20 186.12 407.58 214.67 1.48 1.60 3.87 -0.36 0.76 1.02 -1.68 1.00
Car 0.0 0 -1.19 198.27 186.88 276.34 231.61 1.48 1.59 3.82 -0.57 0.77 0.99 -1.67 0.99
Car 0.0 0 -1.57 472.01 183.11 505.01 227.25 1.58 1.69 3.73 -0.21 0.82 0.93 -1.73 0.99
Car 0.0 0 -1.58 526.83 183.36 530.90 201.89 1.43 1.61 3.80 -0.17 0.73 0.97 -1.69 0.96
Car 0.0 0 -1.44 411.43 186.77 422.48 206.56 1.48 1.61 3.71 -0.32 0.76 0.99 -1.70 0.95
Car 0.0 0 -0.95 10.85 174.87 114.15 252.92 1.62 1.66 3.93 -0.78 0.85 0.95 -1.60 0.92
Car 0.0 0 -1.28 267.58 185.41 319.61 217.33 1.45 1.63 4.10 -0.53 0.75 1.08 -1.69 0.30
