Pedestrian 0.0 0 -2.86 229.79 161.02 238.65 208.34 1.87 0.67 0.94 -0.57 0.95 0.98 2.95 0.97
Car 0.0 0 -1.97 267.13 167.19 319.64 201.30 1.59 1.69 3.94 -0.47 0.81 0.92 -2.38 1.00
Car 0.0 0 -2.27 554.36 165.84 592.60 186.67 1.52 1.58 3.51 -0.11 0.77 0.93 -2.32 1.00
Car 0.0 0 -2.46 597.24 166.00 638.56 185.90 1.50 1.45 3.55 -0.05 0.75 0.92 -2.45 1.00
Car 0.0 0 0.94 716.36 167.86 750.27 184.89 1.54 1.62 4.19 0.10 0.78 0.90 1.11 1.00
Car 0.0 0 -1.99 338.90 165.76 391.71 197.15 1.57 1.70 3.92 -0.40 0.80 0.99 -2.32 0.99
Car 0.0 0 0.51 805.03 166.29 830.08 178.08 1.49 1.52 3.83 0.20 0.74 0.91 0.79 0.99
Car 0.0 0 0.41 780.48 164.77 814.44 180.27 1.55 1.53 3.85 0.18 0.77 0.93 0.67 0.98
Car 0.0 0 -2.48 689.61 169.06 721.83 184.63 1.47 1.54 3.49 0.07 0.74 1.00 -2.35 0.98
Car 0.0 0 -2.36 665.04 172.25 699.32 187.09 1.45 1.56 3.76 0.02 0.73 0.83 -2.26 0.96
Car 0.0 0 1.32 217.19 163.77 266.12 198.03 1.70 1.71 3.81 -0.53 0.86 0.92 0.85 0.95
Car 0.0 0 -2.39 634.52 171.19 672.45 188.28 1.46 1.55 3.76 -0.00 0.74 0.91 -2.33 0.94
