Car 0.0 0 -1.54 588.31 177.81 645.72 239.60 1.56 1.67 3.84 -0.05 0.81 0.92 -1.53 1.00
Car 0.0 0 -1.32 390.38 180.05 475.99 246.52 1.48 1.64 3.99 -0.29 0.78 0.93 -1.56 1.00
Car 0.0 0 -1.06 5.51 188.95 366.84 373.06 1.51 1.65 4.00 -0.56 0.87 0.85 -1.59 1.00
Car 0.0 0 -1.43 474.31 183.54 505.32 217.23 1.47 1.59 3.83 -0.23 0.76 1.02 -1.59 1.00
Car 0.0 0 -0.85 9.82 195.91 130.96 320.75 1.41 1.58 3.79 -0.84 0.82 1.05 -1.49 0.97
Car 0.0 0 -1.18 231.58 185.19 331.78 241.43 1.45 1.60 3.76 -0.50 0.76 0.96 -1.60 0.97
Car 0.0 0 -1.27 311.14 185.93 348.92 214.65 1.46 1.58 3.68 -0.43 0.75 0.96 -1.64 0.96
Car 0.0 0 -1.15 217.12 185.24 315.66 235.30 1.49 1.61 3.84 -0.55 0.78 1.02 -1.60 0.96
Car 0.0 0 -1.47 513.48 183.71 530.50 208.62 1.51 1.63 3.78 -0.18 0.77 0.98 -1.59 0.95
Car 0.0 0 -1.18 673.15 182.35 682.99 194.61 1.41 1.55 3.56 0.04 0.71 0.96 -1.08 0.90
