Car 0.0 0 1.93 264.57 197.55 379.24 269.60 1.44 1.57 3.72 -0.44 0.80 0.95 1.55 1.00
Car 0.0 0 -1.70 675.39 183.13 728.47 233.46 1.45 1.59 3.70 0.06 0.77 0.93 -1.57 1.00
Car 0.0 0 2.13 12.69 214.48 352.43 371.87 1.41 1.59 3.87 -0.59 0.85 0.89 1.60 1.00
Car 0.0 0 2.83 783.17 164.05 908.54 212.59 1.64 1.71 4.21 0.24 0.84 0.91 -3.13 1.00
Car 0.0 0 2.70 838.58 151.17 1021.96 227.17 1.71 1.66 3.87 0.35 0.87 0.92 3.12 1.00
Car 0.0 0 -1.39 417.69 187.54 465.28 228.87 1.49 1.61 3.85 -0.27 0.79 0.92 -1.62 1.00
Car 0.0 0 2.67 880.01 161.71 1118.63 239.98 1.50 1.70 4.47 0.42 0.78 0.88 -3.12 0.99
Car 0.0 0 -0.65 1029.45 155.04 1134.39 189.34 1.51 1.69 4.35 0.58 0.76 0.98 -0.07 0.99
Car 0.0 0 1.72 478.52 186.32 502.85 213.06 1.48 1.63 3.82 -0.22 0.78 0.99 1.56 0.98
Car 0.0 0 -0.64 1074.37 152.50 1196.29 191.66 1.51 1.70 4.40 0.66 0.75 0.98 -0.01 0.98
