Car 0.0 0 -1.93 751.78 188.64 997.57 343.23 1.45 1.60 3.83 0.26 0.84 0.86 -1.57 1.00
Car 0.0 0 -1.74 689.93 170.24 761.23 239.64 1.61 1.62 3.80 0.09 0.85 0.94 -1.58 1.00
Car 0.0 0 -2.26 935.29 185.24 1230.76 370.00 1.54 1.64 3.91 0.53 0.90 0.89 -1.68 1.00
Car 0.0 0 0.38 239.66 172.28 429.14 245.74 1.60 1.65 4.08 -0.42 0.85 0.93 0.01 0.99
Car 0.0 0 -1.65 661.48 175.91 686.12 207.69 1.53 1.57 3.75 0.02 0.79 0.93 -1.56 0.99
Car 0.0 0 0.22 411.37 178.71 490.45 214.66 1.52 1.61 3.84 -0.27 0.79 0.95 -0.00 0.99
Car 0.0 0 -2.80 325.43 164.33 439.01 221.95 1.90 1.67 3.30 -0.36 0.97 0.94 -3.11 0.99
Car 0.0 0 0.13 481.21 165.89 530.95 186.58 1.63 1.75 4.39 -0.19 0.82 0.94 -0.02 0.98
Car 0.0 0 -1.64 635.70 172.49 640.12 187.23 1.36 1.54 3.66 -0.02 0.69 0.98 -1.60 0.97
Car 0.0 0 0.19 432.67 176.17 507.86 209.43 1.52 1.65 3.92 -0.24 0.79 0.92 -0.00 0.97
Car 0.0 0 -2.25 7.54 214.86 63.11 371.61 1.50 1.60 3.95 -0.89 0.93 1.04 -2.93 0.27
Cyclist 0.0 0 1.59 588.01 169.76 575.66 183.32 1.69 0.56 1.63 -0.10 0.85 1.09 1.55 0.95
