Car 0.0 0 -1.74 678.49 183.93 757.71 257.28 1.56 1.60 3.69 0.08 0.84 0.92 -1.59 1.00
Car 0.0 0 1.71 453.99 195.67 525.00 261.86 1.44 1.58 3.79 -0.21 0.79 0.93 1.55 1.00
Car 0.0 0 2.31 8.90 215.34 301.36 371.38 1.44 1.64 4.00 -0.63 0.87 0.89 1.74 1.00
Car 0.0 0 0.88 920.93 195.94 1236.92 373.44 1.48 1.56 3.77 0.43 0.86 0.75 1.46 1.00
Car 0.0 0 -1.68 652.35 181.47 695.71 227.75 1.53 1.61 3.75 0.02 0.80 0.94 -1.59 1.00
Car 0.0 0 1.63 546.50 188.52 561.58 212.39 1.48 1.63 3.91 -0.14 0.78 1.01 1.55 1.00
Car 0.0 0 -1.67 665.21 187.61 717.45 239.01 1.43 1.57 3.64 0.05 0.77 1.01 -1.56 0.81
Car 0.0 0 -1.64 647.32 180.98 679.12 219.63 1.56 1.64 3.83 0.02 0.82 1.04 -1.57 0.57
Car 0.0 0 1.57 592.23 186.86 588.38 197.63 1.46 1.60 3.88 -0.09 0.76 0.96 1.54 0.39
Cyclist 0.0 0 -1.86 806.18 191.81 822.20 257.06 1.63 0.43 1.46 0.21 0.88 0.95 -1.58 0.99
