Car 0.0 0 1.72 453.58 167.70 541.57 257.61 1.67 1.62 4.02 -0.20 0.89 0.92 1.57 1.00
Car 0.0 0 1.35 767.84 186.86 885.27 277.07 1.44 1.56 3.88 0.19 0.79 0.83 1.64 1.00
Car 0.0 0 -1.73 726.74 184.68 789.40 239.49 1.46 1.58 3.77 0.12 0.78 0.88 -1.52 1.00
Car 0.0 0 -1.69 702.59 178.63 732.41 213.86 1.51 1.57 3.61 0.08 0.78 0.91 -1.54 1.00
Car 0.0 0 2.08 12.72 199.42 368.56 371.07 1.46 1.59 3.79 -0.56 0.86 0.87 1.55 1.00
Car 0.0 0 -2.00 842.06 183.25 1195.65 371.41 1.50 1.59 3.78 0.42 0.87 0.84 -1.48 1.00
Car 0.0 0 -1.68 720.71 183.80 756.56 224.22 1.46 1.53 3.60 0.11 0.77 0.93 -1.50 0.99
Car 0.0 0 1.72 513.08 185.55 554.47 231.38 1.53 1.61 4.00 -0.16 0.81 0.95 1.62 0.99
Car 0.0 0 -1.71 690.53 179.66 712.95 206.36 1.50 1.56 3.68 0.07 0.78 1.00 -1.59 0.98
Car 0.0 0 1.65 567.08 176.12 581.61 202.23 1.54 1.61 3.94 -0.11 0.79 1.03 1.60 0.98
