Car 0.0 0 -1.77 700.38 187.30 792.54 261.07 1.47 1.59 3.77 0.11 0.80 0.92 -1.58 1.00
Car 0.0 0 -2.84 292.58 170.46 440.01 232.13 1.68 1.67 4.04 -0.38 0.88 0.94 3.12 1.00
Car 0.0 0 0.46 170.94 182.35 386.37 258.88 1.53 1.64 4.05 -0.47 0.83 0.89 0.03 1.00
Car 0.0 0 -1.68 664.72 177.54 706.41 222.48 1.53 1.59 3.68 0.03 0.80 0.89 -1.58 1.00
Car 0.0 0 -2.20 903.31 189.23 1230.68 374.26 1.52 1.60 3.75 0.49 0.89 0.86 -1.63 1.00
Car 0.0 0 -2.51 10.13 183.90 235.22 306.86 1.55 1.61 3.66 -0.67 0.87 0.90 -3.11 1.00
Car 0.0 0 3.32 382.95 178.96 486.16 221.17 1.50 1.63 4.15 -0.28 0.78 0.90 3.09 1.00
Car 0.0 0 -2.42 7.43 168.74 166.75 370.99 1.66 1.66 3.89 -0.68 0.95 0.85 -3.05 1.00
Car 0.0 0 -1.66 651.31 179.44 665.39 204.37 1.55 1.57 3.60 0.01 0.80 0.98 -1.59 0.98
Car 0.0 0 2.80 488.74 173.73 530.56 195.33 1.49 1.56 3.95 -0.19 0.76 0.96 2.66 0.96
Car 0.0 0 -1.66 659.70 180.94 680.51 211.27 1.52 1.59 3.52 0.02 0.79 0.97 -1.57 0.96
