Pedestrian 0.0 0 -1.15 367.68 169.83 373.74 263.02 1.78 0.35 0.30 -0.39 0.95 0.99 -1.47 0.99
Pedestrian 0.0 0 -1.24 398.36 170.10 398.72 247.40 1.76 0.38 0.40 -0.36 0.93 1.01 -1.53 0.98
Car 0.0 0 -1.71 671.30 177.57 715.73 222.69 1.49 1.59 3.71 0.05 0.78 0.96 -1.59 1.00
Car 0.0 0 -1.91 742.44 181.63 998.91 348.63 1.49 1.62 3.91 0.23 0.85 0.79 -1.56 1.00
Car 0.0 0 -2.23 873.68 164.32 1236.46 367.63 1.59 1.63 3.88 0.47 0.91 0.85 -1.68 1.00
Car 0.0 0 -1.24 316.93 188.38 503.71 309.93 1.50 1.63 3.89 -0.31 0.85 0.92 -1.51 1.00
Car 0.0 0 -1.18 8.17 190.73 421.55 370.28 1.48 1.64 4.16 -0.53 0.87 0.86 -1.68 1.00
Car 0.0 0 -1.28 417.00 183.00 506.67 243.49 1.43 1.60 3.74 -0.26 0.77 0.96 -1.48 0.99
Car 0.0 0 -1.62 641.77 173.73 650.23 194.07 1.49 1.58 3.88 -0.01 0.76 0.99 -1.57 0.98
Car 0.0 0 -1.65 654.62 176.88 676.89 206.72 1.54 1.60 3.75 0.01 0.79 0.94 -1.58 0.97
Car 0.0 0 -1.54 547.55 177.25 569.44 206.16 1.46 1.56 3.71 -0.13 0.76 0.97 -1.61 0.94
