Car 0.0 0 -0.92 6.48 185.43 189.49 322.30 1.46 1.60 3.75 -0.68 0.82 0.87 -1.54 1.00
Car 0.0 0 -1.24 202.93 182.18 449.37 349.80 1.50 1.63 3.76 -0.41 0.85 0.88 -1.61 1.00
Car 0.0 0 -1.57 570.20 180.18 607.95 229.38 1.54 1.65 3.62 -0.08 0.80 0.96 -1.60 1.00
Car 0.0 0 -1.44 475.02 181.62 528.77 235.61 1.50 1.63 3.84 -0.21 0.78 1.02 -1.59 1.00
Car 0.0 0 -1.06 68.06 189.97 199.57 251.20 1.45 1.60 3.83 -0.71 0.77 0.98 -1.64 0.99
Car 0.0 0 -1.33 415.86 184.38 451.85 216.36 1.50 1.62 3.91 -0.30 0.77 0.98 -1.57 0.99
Car 0.0 0 -1.45 514.33 185.92 537.76 214.72 1.42 1.56 3.74 -0.17 0.73 0.98 -1.57 0.98
Car 0.0 0 -1.18 254.35 185.55 341.11 233.33 1.50 1.59 3.96 -0.52 0.79 1.06 -1.59 0.98
Car 0.0 0 -1.52 542.30 183.87 548.87 202.21 1.46 1.60 3.65 -0.14 0.74 0.98 -1.60 0.97
Car 0.0 0 -1.23 306.95 183.40 375.82 227.72 1.46 1.59 3.89 -0.44 0.76 1.03 -1.58 0.97
