Car 0.0 0 -1.00 83.78 208.89 176.78 248.80 1.44 1.61 3.89 -0.73 0.80 1.00 -1.59 1.00
Car 0.0 0 1.81 397.15 197.69 456.21 241.89 1.43 1.62 3.88 -0.30 0.78 0.96 1.56 1.00
Car 0.0 0 -0.92 9.65 215.02 66.64 249.08 1.44 1.59 3.96 -0.87 0.81 1.02 -1.59 1.00
Car 0.0 0 1.75 442.91 194.49 480.59 228.87 1.49 1.63 3.97 -0.26 0.80 0.96 1.55 1.00
Car 0.0 0 -0.96 40.32 214.41 125.19 248.93 1.43 1.63 4.08 -0.81 0.80 1.03 -1.59 1.00
Car 0.0 0 -1.70 667.81 179.89 704.98 220.10 1.50 1.58 3.71 0.04 0.79 0.97 -1.59 0.99
Car 0.0 0 1.71 482.88 186.88 505.20 214.74 1.50 1.55 3.72 -0.22 0.79 1.01 1.56 0.99
Car 0.0 0 1.68 501.46 184.55 517.73 208.48 1.53 1.69 4.15 -0.20 0.80 0.98 1.54 0.97
Car 0.0 0 -1.38 1038.07 141.29 1127.84 180.85 1.58 1.67 4.28 0.61 0.77 1.01 -0.80 0.88
Car 0.0 0 1.60 578.88 183.08 579.41 192.98 1.48 1.64 3.95 -0.10 0.76 0.92 1.56 0.59
Car 0.0 0 1.60 547.57 187.02 544.79 197.47 1.43 1.53 3.71 -0.14 0.74 0.97 1.51 0.34
