Car 0.0 0 1.86 329.59 197.44 418.50 258.58 1.47 1.60 3.87 -0.37 0.81 0.96 1.55 1.00
Car 0.0 0 1.78 403.20 192.88 457.23 238.45 1.49 1.63 3.85 -0.30 0.80 0.97 1.54 1.00
Car 0.0 0 -0.89 16.43 205.18 92.43 251.57 1.50 1.63 4.08 -0.84 0.83 1.02 -1.54 1.00
Car 0.0 0 -1.72 678.09 172.31 735.07 229.34 1.55 1.60 3.76 0.07 0.81 0.93 -1.58 1.00
Car 0.0 0 1.74 460.09 182.82 494.61 217.96 1.51 1.58 3.88 -0.24 0.79 0.99 1.56 1.00
Car 0.0 0 1.75 485.98 186.50 508.87 213.09 1.46 1.61 3.93 -0.21 0.77 0.96 1.60 0.95
Car 0.0 0 -1.51 1131.62 143.67 1208.87 184.76 1.61 1.67 4.07 0.70 0.80 0.98 -0.85 0.91
Car 0.0 0 -1.56 639.30 177.76 643.02 191.28 1.43 1.67 3.82 -0.02 0.73 1.00 -1.52 0.83
Car 0.0 0 1.64 543.31 183.49 541.03 194.06 1.46 1.59 3.79 -0.15 0.75 0.99 1.55 0.39
Car 0.0 0 1.57 575.12 181.98 574.91 193.94 1.47 1.57 3.82 -0.10 0.76 0.90 1.52 0.38
