Car 0.0 0 -2.70 165.96 180.24 391.12 261.38 1.57 1.67 4.07 -0.47 0.85 0.89 -3.13 1.00
Car 0.0 0 2.55 957.23 168.70 1231.49 329.63 1.57 1.61 3.90 0.47 0.87 0.78 -3.14 1.00
Car 0.0 0 -2.39 14.18 193.12 135.38 354.17 1.45 1.58 3.75 -0.71 0.85 0.87 -3.03 1.00
Car 0.0 0 -2.96 425.67 176.96 499.86 207.95 1.55 1.67 4.22 -0.25 0.80 0.94 3.12 1.00
Car 0.0 0 -1.69 648.40 164.58 682.63 204.54 1.59 1.63 3.85 0.02 0.81 0.97 -1.62 1.00
Car 0.0 0 3.37 307.24 178.40 458.15 238.06 1.53 1.61 3.95 -0.34 0.81 0.90 3.07 1.00
Car 0.0 0 -1.73 675.70 150.30 778.37 251.59 1.77 1.67 3.91 0.09 0.92 0.93 -1.57 0.99
Car 0.0 0 0.22 499.67 172.91 552.69 195.26 1.59 1.66 4.18 -0.16 0.81 0.88 0.10 0.95
Car 0.0 0 -1.74 676.20 168.35 738.40 232.02 1.67 1.62 3.96 0.07 0.87 0.95 -1.61 0.69
Car 0.0 0 -1.70 644.23 178.99 648.33 196.95 1.56 1.57 3.44 -0.01 0.80 0.98 -1.65 0.20
