Car 0.0 0 2.09 71.09 204.99 317.85 325.51 1.46 1.60 4.07 -0.57 0.84 0.88 1.57 1.00
Car 0.0 0 1.95 324.46 196.51 431.05 259.51 1.50 1.61 4.01 -0.36 0.82 0.94 1.64 1.00
Car 0.0 0 -1.83 739.50 180.03 881.49 277.50 1.46 1.62 3.90 0.19 0.80 0.89 -1.56 1.00
Car 0.0 0 1.85 408.71 189.75 466.57 234.48 1.55 1.61 3.92 -0.29 0.83 0.97 1.62 1.00
Car 0.0 0 -1.76 704.52 177.75 786.80 246.79 1.55 1.64 3.96 0.11 0.82 0.89 -1.58 1.00
Car 0.0 0 2.47 1033.85 142.29 1234.79 251.28 1.64 1.66 3.82 0.55 0.85 0.83 3.10 1.00
Car 0.0 0 1.41 682.41 180.53 720.75 219.68 1.55 1.66 4.13 0.05 0.81 0.85 1.54 1.00
Car 0.0 0 1.79 473.49 188.27 506.40 219.06 1.51 1.63 3.92 -0.22 0.79 0.93 1.62 0.99
Car 0.0 0 2.25 1178.64 133.15 1234.09 268.96 1.66 1.60 3.88 0.70 0.86 0.92 2.94 0.99
Car 0.0 0 2.52 926.17 153.22 1142.89 234.21 1.61 1.70 3.99 0.46 0.83 0.88 3.06 0.99
Car 0.0 0 1.65 518.91 182.41 533.90 202.17 1.43 1.64 3.89 -0.17 0.74 0.95 1.54 0.99
Car 0.0 0 2.40 6.68 241.61 61.44 368.78 1.43 1.66 4.29 -0.87 0.90 1.01 1.72 0.99
Car 0.0 0 -1.78 670.19 180.75 700.77 212.26 1.53 1.62 3.80 0.04 0.79 0.92 -1.67 0.98
Car 0.0 0 1.95 587.45 177.42 599.61 191.22 1.45 1.66 3.86 -0.08 0.74 0.99 1.93 0.96
