Car 0.0 0 -1.31 49.34 200.88 131.19 255.43 1.38 1.55 3.47 -0.75 0.77 0.95 -1.93 1.00
Car 0.0 0 1.40 696.07 176.96 774.20 246.98 1.54 1.58 3.90 0.09 0.82 0.87 1.57 1.00
Car 0.0 0 -1.69 654.88 181.49 691.60 220.38 1.48 1.62 3.87 0.03 0.78 0.98 -1.60 1.00
Car 0.0 0 -1.48 450.22 187.77 481.40 222.08 1.45 1.63 3.71 -0.26 0.77 1.01 -1.68 1.00
Car 0.0 0 -1.77 721.13 162.62 859.75 279.54 1.69 1.65 3.86 0.16 0.90 0.87 -1.53 0.99
Car 0.0 0 -1.78 620.87 182.92 646.44 210.22 1.53 1.63 3.63 -0.03 0.80 0.94 -1.74 0.99
Car 0.0 0 -1.78 581.17 186.04 598.14 205.49 1.41 1.53 3.72 -0.09 0.73 0.98 -1.81 0.97
Car 0.0 0 -1.71 561.23 186.07 564.24 198.44 1.45 1.62 3.60 -0.12 0.75 0.96 -1.77 0.51
Cyclist 0.0 0 1.59 520.65 182.75 514.54 210.47 1.74 0.61 1.70 -0.19 0.90 1.03 1.46 0.99
Cyclist 0.0 0 1.64 499.77 182.52 495.48 210.93 1.78 0.62 1.79 -0.23 0.92 1.07 1.49 0.98
