Car 0.0 0 -2.54 12.13 169.13 274.63 329.18 1.70 1.70 4.06 -0.60 0.94 0.83 -3.11 1.00
Car 0.0 0 -1.73 690.62 181.74 776.21 259.36 1.53 1.60 3.71 0.10 0.83 0.91 -1.56 1.00
Car 0.0 0 0.33 205.90 193.24 399.04 271.44 1.54 1.61 3.79 -0.46 0.85 0.94 -0.07 1.00
Car 0.0 0 -1.72 674.30 189.27 721.16 234.56 1.52 1.58 3.74 0.05 0.81 0.91 -1.60 1.00
Car 0.0 0 -2.81 245.30 187.34 415.96 253.55 1.54 1.61 3.94 -0.41 0.83 0.91 3.11 1.00
Car 0.0 0 -1.66 655.66 182.02 684.69 218.10 1.49 1.56 3.75 0.02 0.78 0.96 -1.58 1.00
Car 0.0 0 -2.03 805.07 209.86 1233.34 368.10 1.37 1.57 3.75 0.42 0.82 0.85 -1.51 0.99
Car 0.0 0 0.47 91.00 192.73 346.00 290.03 1.47 1.58 3.61 -0.54 0.82 0.89 -0.02 0.99
Car 0.0 0 -2.99 433.92 176.33 499.00 209.88 1.69 1.61 3.78 -0.25 0.87 0.95 3.10 0.99
Car 0.0 0 0.17 475.21 185.12 521.39 207.40 1.50 1.60 3.81 -0.20 0.78 0.94 0.02 0.96
