Car 0.0 0 -1.33 407.23 187.38 491.16 254.46 1.44 1.62 3.89 -0.26 0.77 0.92 -1.55 1.00
Car 0.0 0 -1.23 264.62 182.71 361.64 242.74 1.47 1.60 3.99 -0.44 0.77 0.93 -1.62 1.00
Car 0.0 0 -1.46 504.79 183.70 537.38 218.28 1.43 1.63 4.05 -0.18 0.74 0.97 -1.58 1.00
Car 0.0 0 -1.29 368.01 184.98 426.20 224.26 1.47 1.62 3.94 -0.34 0.76 0.96 -1.58 1.00
Car 0.0 0 -1.59 584.92 179.20 608.40 214.79 1.55 1.65 3.76 -0.07 0.79 0.97 -1.61 1.00
Car 0.0 0 -0.91 9.57 188.90 308.02 374.35 1.56 1.70 3.95 -0.61 0.90 0.88 -1.47 1.00
Car 0.0 0 -1.12 137.34 185.35 250.48 242.15 1.51 1.63 3.88 -0.64 0.80 1.00 -1.64 0.99
Car 0.0 0 -1.33 469.53 180.36 492.45 204.69 1.48 1.57 3.66 -0.24 0.75 1.01 -1.50 0.99
Car 0.0 0 -0.98 31.91 188.98 236.74 279.51 1.42 1.59 3.84 -0.72 0.78 1.00 -1.56 0.98
Car 0.0 0 -0.92 6.04 184.22 125.02 267.79 1.49 1.63 4.11 -0.84 0.81 1.03 -1.57 0.97
