Pedestrian 0.0 0 1.71 406.42 177.07 398.40 207.03 1.78 0.71 0.80 -0.35 0.92 1.00 1.43 0.95
Pedestrian 0.0 0 1.66 416.91 171.84 410.95 204.38 1.78 0.69 0.73 -0.34 0.91 1.04 1.39 0.88
Car 0.0 0 -2.06 791.64 177.39 1198.43 369.29 1.51 1.63 3.93 0.39 0.87 0.84 -1.57 1.00
Car 0.0 0 -1.83 671.82 174.32 806.16 266.76 1.49 1.61 3.98 0.10 0.81 0.91 -1.65 1.00
Car 0.0 0 -1.69 601.46 179.01 643.62 221.00 1.49 1.62 3.73 -0.04 0.78 0.96 -1.68 1.00
Car 0.0 0 -1.63 576.14 178.42 594.55 206.40 1.55 1.63 3.77 -0.09 0.80 0.97 -1.67 1.00
Car 0.0 0 -1.54 414.67 185.02 444.20 217.12 1.41 1.61 3.63 -0.31 0.74 1.00 -1.79 0.99
Car 0.0 0 1.90 242.10 188.34 371.43 270.04 1.44 1.57 3.81 -0.46 0.80 0.94 1.50 0.98
Car 0.0 0 -1.13 57.43 186.99 309.34 360.12 1.44 1.47 3.46 -0.59 0.85 0.90 -1.66 0.98
Cyclist 0.0 0 1.86 299.92 175.32 385.08 331.58 1.72 0.65 1.80 -0.43 0.97 1.00 1.50 1.00
Cyclist 0.0 0 2.03 124.37 178.28 288.28 369.07 1.76 0.55 1.75 -0.58 1.01 0.92 1.52 0.99
