Car 0.0 0 2.72 858.34 151.71 1009.69 208.79 1.69 1.70 4.15 0.34 0.85 0.88 -3.14 1.00
Car 0.0 0 1.93 213.26 202.74 360.00 293.64 1.47 1.58 3.89 -0.48 0.83 0.93 1.51 1.00
Car 0.0 0 2.21 10.98 210.74 250.29 374.94 1.48 1.63 3.97 -0.63 0.88 0.86 1.62 1.00
Car 0.0 0 1.88 326.38 197.46 414.92 258.46 1.53 1.64 3.93 -0.37 0.84 0.93 1.56 1.00
Car 0.0 0 1.81 458.82 188.81 496.08 219.61 1.45 1.62 4.00 -0.25 0.77 1.02 1.63 1.00
Car 0.0 0 1.86 401.03 191.88 458.19 234.51 1.49 1.58 3.79 -0.31 0.80 1.00 1.62 1.00
Car 0.0 0 2.86 774.31 160.77 861.87 199.40 1.62 1.63 3.81 0.21 0.82 0.92 3.14 1.00
Car 0.0 0 -1.66 678.31 174.61 716.87 218.39 1.52 1.60 3.68 0.05 0.79 0.93 -1.54 1.00
Car 0.0 0 2.75 842.88 152.96 946.38 199.42 1.69 1.67 3.79 0.29 0.85 0.90 3.13 0.99
Car 0.0 0 -0.60 1149.36 136.68 1240.26 174.97 1.53 1.79 4.52 0.70 0.74 0.93 0.08 0.99
Car 0.0 0 -1.66 670.33 179.78 695.13 211.95 1.56 1.59 3.85 0.04 0.81 0.98 -1.56 0.98
Car 0.0 0 2.76 811.63 156.69 912.50 198.58 1.64 1.67 3.81 0.27 0.83 0.95 3.10 0.98
Car 0.0 0 1.79 539.22 181.90 545.12 194.13 1.44 1.57 3.97 -0.15 0.74 0.95 1.70 0.95
Car 0.0 0 -0.71 1195.57 134.46 1234.00 172.44 1.56 1.79 4.34 0.74 0.76 0.95 -0.01 0.94
Car 0.0 0 -1.60 612.23 175.75 614.46 186.07 1.43 1.66 3.85 -0.05 0.72 1.02 -1.60 0.64
Car 0.0 0 1.67 517.36 186.22 526.77 205.97 1.42 1.53 3.47 -0.17 0.74 0.93 1.55 0.58
