Car 0.0 0 -2.45 9.88 177.16 188.05 354.20 1.59 1.61 3.73 -0.66 0.90 0.84 -3.07 1.00
Car 0.0 0 -2.87 365.41 174.58 478.17 218.33 1.52 1.62 4.04 -0.31 0.79 0.95 -3.12 1.00
Car 0.0 0 -1.71 653.77 162.82 702.55 214.13 1.57 1.62 3.73 0.03 0.81 0.95 -1.62 1.00
Car 0.0 0 2.64 917.83 190.13 1240.36 309.05 1.48 1.60 3.99 0.51 0.83 0.87 -3.07 1.00
Car 0.0 0 3.21 420.20 172.29 511.13 212.38 1.59 1.65 4.09 -0.24 0.82 0.92 3.01 1.00
Car 0.0 0 -1.65 639.69 165.23 659.33 195.01 1.58 1.61 3.89 -0.01 0.80 0.96 -1.60 1.00
Car 0.0 0 -0.42 875.12 180.07 1130.96 278.55 1.51 1.64 3.80 0.42 0.83 0.88 0.08 1.00
Car 0.0 0 2.83 759.33 173.29 926.62 235.70 1.57 1.68 4.36 0.22 0.82 0.87 3.14 1.00
Car 0.0 0 0.40 195.94 153.22 409.09 249.34 1.87 1.69 3.97 -0.45 0.97 0.92 0.00 1.00
Car 0.0 0 0.56 516.51 175.36 545.03 192.55 1.50 1.61 3.93 -0.16 0.77 0.89 0.45 0.27
