Car 0.0 0 -1.21 213.32 188.18 430.37 326.32 1.50 1.63 3.92 -0.40 0.84 0.85 -1.59 1.00
Car 0.0 0 -1.01 69.93 186.22 260.47 273.10 1.48 1.60 3.87 -0.60 0.79 0.88 -1.56 1.00
Car 0.0 0 -1.74 690.88 188.73 751.22 244.29 1.49 1.60 3.60 0.08 0.78 0.90 -1.58 1.00
Car 0.0 0 -1.40 439.39 184.87 491.66 232.28 1.47 1.63 3.91 -0.25 0.77 0.96 -1.59 1.00
Car 0.0 0 -1.46 504.84 184.24 522.36 208.81 1.48 1.59 3.80 -0.19 0.76 0.99 -1.59 0.99
Car 0.0 0 -1.60 596.82 181.45 605.25 203.67 1.50 1.63 3.67 -0.07 0.76 0.97 -1.61 0.99
Car 0.0 0 -1.48 533.15 184.80 541.02 200.98 1.40 1.61 3.61 -0.16 0.71 0.98 -1.58 0.99
Car 0.0 0 -1.25 311.90 188.52 378.37 229.54 1.42 1.60 3.81 -0.42 0.75 0.98 -1.60 0.98
Car 0.0 0 -0.72 4.69 208.75 151.87 371.18 1.41 1.65 4.13 -0.82 0.85 1.02 -1.36 0.97
Car 0.0 0 -1.63 640.81 179.43 649.54 200.18 1.59 1.69 3.86 -0.00 0.80 1.05 -1.58 0.92
