Pedestrian 0.0 0 -1.87 715.96 170.21 713.03 206.10 1.68 0.62 0.83 0.08 0.86 0.98 -1.73 0.83
Car 0.0 0 -2.28 919.76 185.88 1230.67 368.54 1.48 1.60 3.79 0.50 0.86 0.86 -1.70 1.00
Car 0.0 0 2.22 9.85 207.88 228.09 369.50 1.49 1.62 3.82 -0.66 0.89 0.88 1.62 1.00
Car 0.0 0 -1.54 650.20 177.24 664.20 200.47 1.51 1.67 3.80 0.01 0.78 1.02 -1.47 0.98
Car 0.0 0 1.84 628.30 175.72 632.10 185.67 1.49 1.56 4.07 -0.03 0.76 1.02 1.87 0.92
Car 0.0 0 1.72 511.23 177.18 525.44 217.89 1.74 0.92 2.64 -0.19 0.90 1.01 1.60 0.90
Car 0.0 0 1.85 394.28 186.16 459.17 242.57 1.54 1.50 3.67 -0.31 0.83 0.98 1.60 0.88
Cyclist 0.0 0 1.73 457.48 176.53 482.31 264.60 1.83 0.64 1.83 -0.26 0.98 1.01 1.54 1.00
Cyclist 0.0 0 1.86 410.85 177.11 448.92 272.07 1.81 0.65 1.90 -0.31 0.98 1.00 1.61 0.99
Cyclist 0.0 0 1.73 520.22 174.61 522.59 225.75 1.83 0.69 2.01 -0.19 0.96 1.05 1.61 0.98
