Pedestrian 0.0 0 -2.36 220.91 164.68 252.01 292.91 1.87 0.73 0.87 -0.60 1.01 1.06 -2.83 1.00
Pedestrian 0.0 0 -1.48 646.33 167.09 657.19 255.33 1.75 0.77 0.95 0.01 0.91 0.96 -1.41 0.99
Pedestrian 0.0 0 -1.70 755.35 161.70 757.53 221.63 1.80 0.71 0.84 0.16 0.92 0.99 -1.49 0.99
Pedestrian 0.0 0 2.76 459.15 174.05 460.43 232.79 1.79 0.90 1.01 -0.26 0.93 1.00 2.56 0.99
Pedestrian 0.0 0 -1.70 722.02 167.69 725.55 230.76 1.76 0.81 0.94 0.11 0.90 0.97 -1.53 0.99
Pedestrian 0.0 0 -1.59 627.71 166.08 628.06 227.66 1.73 0.77 0.87 -0.02 0.89 1.06 -1.55 0.98
Pedestrian 0.0 0 1.98 438.56 175.14 441.33 231.78 1.80 0.68 0.75 -0.29 0.93 1.02 1.76 0.98
Pedestrian 0.0 0 1.49 739.87 167.51 740.63 223.41 1.76 0.72 0.77 0.13 0.90 0.97 1.68 0.98
Pedestrian 0.0 0 2.17 36.05 134.88 205.68 378.11 1.78 0.75 0.88 -0.69 0.99 0.95 1.58 0.97
Pedestrian 0.0 0 -1.62 705.39 172.36 710.05 242.40 1.69 0.80 0.95 0.09 0.88 0.99 -1.47 0.96
Pedestrian 0.0 0 -1.52 687.77 173.41 696.83 250.65 1.73 0.80 0.87 0.07 0.91 0.98 -1.40 0.95
Car 0.0 0 1.62 547.44 177.10 564.75 205.61 1.53 1.67 4.18 -0.12 0.78 0.98 1.56 0.99
