Car 0.0 0 -2.70 131.36 186.11 386.46 272.76 1.45 1.57 4.00 -0.51 0.80 0.93 3.13 1.00
Car 0.0 0 -0.29 803.49 192.52 952.95 248.83 1.46 1.62 3.88 0.28 0.79 0.91 0.07 1.00
Car 0.0 0 -0.72 1080.75 194.39 1235.98 368.54 1.40 1.55 3.73 0.67 0.85 0.95 -0.07 1.00
Car 0.0 0 0.30 347.11 186.75 480.53 239.67 1.50 1.56 3.82 -0.32 0.81 0.95 0.04 1.00
Car 0.0 0 -2.77 241.60 189.99 437.16 258.69 1.44 1.58 3.90 -0.41 0.79 0.92 -3.13 1.00
Car 0.0 0 -0.21 712.03 183.28 797.78 217.88 1.56 1.63 3.97 0.13 0.82 0.95 -0.01 1.00
Car 0.0 0 2.68 859.92 191.05 1202.30 299.37 1.46 1.70 4.45 0.44 0.81 0.84 -3.08 0.99
Car 0.0 0 -1.65 651.83 185.56 663.78 207.18 1.49 1.62 3.63 0.01 0.78 0.97 -1.59 0.99
Car 0.0 0 0.79 17.20 155.44 236.77 351.06 1.68 1.68 4.32 -0.63 0.93 0.85 0.20 0.99
Car 0.0 0 0.19 469.67 187.22 527.54 212.23 1.55 1.64 3.86 -0.21 0.81 0.99 0.04 0.99
Car 0.0 0 -0.31 782.80 187.11 910.40 238.51 1.52 1.62 3.99 0.25 0.81 0.93 0.01 0.98
