Car 0.0 0 -1.95 758.13 187.73 1046.72 360.72 1.47 1.61 3.84 0.28 0.86 0.85 -1.57 1.00
Car 0.0 0 -1.73 698.46 180.86 760.84 236.87 1.53 1.63 3.97 0.10 0.81 0.95 -1.57 1.00
Car 0.0 0 -1.81 721.11 182.52 835.51 268.19 1.51 1.60 3.82 0.15 0.82 0.89 -1.58 1.00
Car 0.0 0 1.79 363.65 193.84 466.21 278.92 1.54 1.63 3.95 -0.31 0.85 0.92 1.53 1.00
Car 0.0 0 1.74 437.38 188.61 509.97 251.29 1.47 1.63 4.02 -0.23 0.79 0.92 1.55 1.00
Car 0.0 0 1.93 182.32 200.45 430.58 361.89 1.47 1.58 3.78 -0.44 0.87 0.90 1.53 1.00
Car 0.0 0 2.36 11.75 221.22 266.03 372.53 1.47 1.68 4.08 -0.65 0.89 0.91 1.78 1.00
Car 0.0 0 -1.82 607.64 184.35 620.33 199.21 1.38 1.56 3.52 -0.05 0.71 0.93 -1.81 0.99
Car 0.0 0 -2.43 985.59 208.94 1228.90 370.30 1.48 1.56 3.59 0.58 0.89 0.93 -1.82 0.99
Car 0.0 0 -1.85 649.67 180.35 673.06 204.12 1.55 1.63 3.66 0.01 0.80 0.92 -1.77 0.99
Car 0.0 0 2.44 570.93 181.69 592.99 193.61 1.50 1.52 4.01 -0.09 0.77 0.91 2.40 0.99
Car 0.0 0 2.84 905.87 164.33 1017.22 206.90 1.71 1.77 4.08 0.43 0.87 0.99 -2.99 0.98
Cyclist 0.0 0 2.14 526.08 178.54 525.86 196.99 1.68 0.54 1.67 -0.18 0.86 1.01 2.03 0.98
