Pedestrian 0.0 0 3.15 431.53 161.31 427.19 199.16 1.89 0.52 1.02 -0.32 0.95 1.03 2.90 0.97
Car 0.0 0 1.33 391.60 158.97 428.38 193.30 1.57 1.68 4.34 -0.31 0.79 0.88 1.06 1.00
Car 0.0 0 -2.04 428.32 165.57 472.00 193.93 1.64 1.65 3.71 -0.26 0.83 0.91 -2.26 1.00
Car 0.0 0 -2.40 712.98 163.82 746.88 181.38 1.53 1.53 3.53 0.10 0.76 0.95 -2.24 1.00
Car 0.0 0 -2.46 742.43 167.35 780.74 184.55 1.45 1.51 3.66 0.14 0.73 0.92 -2.25 0.99
Car 0.0 0 -1.99 483.66 165.10 528.90 194.37 1.64 1.66 3.80 -0.20 0.83 0.95 -2.13 0.99
Car 0.0 0 -2.37 801.25 169.68 826.12 182.29 1.46 1.57 3.65 0.19 0.73 0.89 -2.10 0.99
Car 0.0 0 -2.35 776.79 169.41 803.60 182.40 1.45 1.56 3.66 0.17 0.73 0.92 -2.10 0.99
Car 0.0 0 0.40 890.36 165.02 922.54 178.71 1.48 1.57 3.70 0.34 0.74 0.97 0.79 0.99
Car 0.0 0 0.41 917.70 166.19 941.96 177.70 1.44 1.57 3.79 0.35 0.72 0.93 0.83 0.99
Car 0.0 0 0.73 824.72 167.74 858.13 184.04 1.53 1.61 4.12 0.23 0.77 0.91 1.04 0.96
Car 0.0 0 -2.31 670.73 165.99 703.88 185.42 1.52 1.56 3.36 0.03 0.76 0.86 -2.21 0.96
Car 0.0 0 0.36 960.28 162.38 986.67 175.61 1.53 1.68 4.14 0.44 0.76 0.98 0.83 0.82
