Pedestrian 0.0 0 -1.83 844.33 158.67 916.77 371.65 1.83 0.85 0.97 0.33 1.03 0.98 -1.46 0.99
Pedestrian 0.0 0 -1.87 770.14 164.90 831.12 364.87 1.73 0.85 0.95 0.24 0.99 1.08 -1.60 0.99
Pedestrian 0.0 0 2.89 1183.18 146.39 1208.72 247.30 1.81 0.66 0.97 0.87 0.93 1.12 -2.70 0.99
Pedestrian 0.0 0 -1.33 220.43 182.85 274.65 370.45 1.73 0.70 0.95 -0.57 1.01 1.04 -1.79 0.99
Pedestrian 0.0 0 -1.67 1055.88 157.64 1107.65 332.17 1.73 0.79 0.88 0.63 0.96 1.02 -1.08 0.99
Pedestrian 0.0 0 -2.80 785.74 162.19 814.59 277.27 1.79 0.69 1.02 0.24 0.95 1.06 -2.52 0.97
Pedestrian 0.0 0 2.24 921.16 169.70 926.88 230.42 1.70 0.69 0.68 0.40 0.88 1.01 2.67 0.96
Pedestrian 0.0 0 3.04 732.69 182.25 731.02 220.47 1.68 0.70 0.88 0.13 0.87 1.02 -3.06 0.38
Car 0.0 0 1.70 535.79 173.28 576.22 218.75 1.64 1.68 4.18 -0.12 0.84 0.97 1.64 1.00
Car 0.0 0 1.60 610.25 179.14 622.02 203.15 1.46 1.63 4.00 -0.04 0.75 0.95 1.62 0.98
Cyclist 0.0 0 1.87 496.95 183.64 502.71 232.57 1.63 0.69 1.55 -0.20 0.86 1.02 1.73 0.88
