Car 0.0 0 2.06 36.33 210.10 297.39 344.67 1.46 1.59 3.95 -0.61 0.86 0.89 1.51 1.00
Car 0.0 0 1.93 258.49 203.28 377.93 278.57 1.46 1.56 3.71 -0.44 0.82 0.95 1.54 1.00
Car 0.0 0 1.90 363.11 195.50 439.75 245.82 1.47 1.60 3.87 -0.33 0.80 0.94 1.62 1.00
Car 0.0 0 2.65 906.59 145.90 1097.25 216.17 1.62 1.67 4.08 0.40 0.82 0.85 -3.14 1.00
Car 0.0 0 -1.70 686.57 177.64 740.75 230.37 1.56 1.62 3.70 0.07 0.82 0.89 -1.56 1.00
Car 0.0 0 1.83 438.74 190.74 484.16 226.44 1.47 1.59 3.86 -0.27 0.78 1.00 1.63 1.00
Car 0.0 0 2.79 798.07 157.22 902.09 205.00 1.69 1.62 3.61 0.25 0.86 0.94 3.11 1.00
Car 0.0 0 -1.68 675.10 177.65 711.67 216.37 1.51 1.61 3.80 0.05 0.79 0.98 -1.57 0.99
Car 0.0 0 2.74 840.85 155.05 964.75 205.42 1.68 1.73 3.73 0.32 0.85 0.93 3.12 0.99
Car 0.0 0 2.73 884.91 149.44 1007.30 204.91 1.72 1.69 3.60 0.37 0.87 0.93 -3.12 0.99
Car 0.0 0 2.41 7.42 231.33 78.10 370.82 1.49 1.68 3.99 -0.86 0.93 1.02 1.75 0.99
Car 0.0 0 -1.63 608.24 178.37 611.02 190.08 1.38 1.63 3.68 -0.06 0.70 0.94 -1.63 0.98
Car 0.0 0 -0.72 1226.03 125.82 1233.79 178.78 1.51 1.56 3.94 0.77 0.73 0.96 -0.01 0.98
Car 0.0 0 1.71 506.59 188.64 521.23 211.21 1.44 1.55 3.60 -0.18 0.75 0.93 1.58 0.83
Car 0.0 0 1.72 532.69 184.68 536.64 199.58 1.44 1.52 3.73 -0.16 0.74 0.95 1.62 0.77
