Car 0.0 0 -1.89 746.98 167.62 1010.02 347.60 1.59 1.65 3.88 0.25 0.89 0.82 -1.54 1.00
Car 0.0 0 -2.64 158.94 177.58 365.98 264.95 1.63 1.63 3.68 -0.48 0.88 0.88 -3.09 1.00
Car 0.0 0 -1.76 685.13 179.19 751.39 237.82 1.51 1.59 3.76 0.08 0.80 0.91 -1.61 1.00
Car 0.0 0 -2.56 43.30 181.15 313.86 286.55 1.46 1.57 3.78 -0.59 0.80 0.89 -3.09 1.00
Car 0.0 0 0.24 411.42 175.41 495.91 209.83 1.51 1.61 4.05 -0.27 0.78 0.97 0.03 1.00
Car 0.0 0 -1.79 711.34 183.24 820.83 265.37 1.52 1.64 4.05 0.13 0.82 0.88 -1.58 1.00
Car 0.0 0 0.26 320.13 183.56 451.78 233.79 1.50 1.58 3.97 -0.37 0.80 0.99 -0.04 1.00
Car 0.0 0 0.71 13.25 191.84 184.63 363.34 1.51 1.60 3.91 -0.66 0.88 0.84 0.10 0.99
Car 0.0 0 -2.47 14.33 193.53 263.68 328.49 1.45 1.59 3.97 -0.62 0.83 0.85 -3.05 0.99
Car 0.0 0 -2.94 443.81 168.54 513.46 200.51 1.67 1.66 3.86 -0.23 0.85 0.93 -3.12 0.99
Car 0.0 0 0.38 202.37 170.22 418.87 254.90 1.60 1.62 3.90 -0.45 0.85 0.93 -0.01 0.99
Car 0.0 0 3.38 335.35 174.35 461.66 227.26 1.59 1.59 3.82 -0.34 0.83 0.95 3.10 0.98
Car 0.0 0 -1.70 662.17 178.16 687.26 206.74 1.48 1.62 3.88 0.03 0.77 1.00 -1.61 0.98
Car 0.0 0 -2.80 263.50 168.41 414.02 240.77 1.79 1.60 3.26 -0.41 0.94 0.93 3.12 0.97
Car 0.0 0 -1.64 649.29 174.96 658.58 194.90 1.49 1.62 3.70 0.00 0.76 1.02 -1.57 0.97
