Car 0.0 0 -0.97 10.18 190.22 216.89 293.98 1.46 1.57 3.74 -0.66 0.80 0.88 -1.57 1.00
Car 0.0 0 -1.26 265.59 185.70 442.48 305.08 1.49 1.64 3.87 -0.38 0.82 0.90 -1.60 1.00
Car 0.0 0 -1.74 709.88 187.09 790.74 256.16 1.40 1.59 3.58 0.13 0.75 0.94 -1.54 1.00
Car 0.0 0 -1.36 413.61 182.40 494.45 243.14 1.43 1.62 3.94 -0.26 0.75 0.94 -1.57 1.00
Car 0.0 0 -1.61 652.64 178.38 669.64 206.65 1.61 1.62 3.90 0.01 0.81 0.99 -1.54 1.00
Car 0.0 0 -1.57 597.48 179.56 604.61 198.21 1.47 1.69 3.77 -0.07 0.74 0.96 -1.58 0.99
Car 0.0 0 -1.25 294.66 185.28 373.56 233.26 1.50 1.61 3.91 -0.44 0.79 0.99 -1.62 0.99
Car 0.0 0 -1.33 387.67 185.26 422.70 215.98 1.42 1.58 3.72 -0.33 0.73 0.94 -1.60 0.99
Car 0.0 0 -1.55 630.06 179.28 628.67 190.68 1.43 1.61 3.68 -0.03 0.71 1.02 -1.52 0.98
Car 0.0 0 -1.54 544.07 182.08 547.60 195.09 1.39 1.62 3.64 -0.14 0.70 0.94 -1.62 0.97
Car 0.0 0 -1.40 474.94 178.72 511.83 214.75 1.47 1.60 3.89 -0.22 0.75 1.00 -1.55 0.96
Car 0.0 0 -1.50 525.60 182.70 534.21 201.84 1.48 1.58 3.70 -0.16 0.75 0.96 -1.61 0.94
