Car 0.0 0 -1.89 775.27 186.63 1005.61 335.98 1.46 1.61 3.89 0.25 0.83 0.80 -1.52 1.00
Car 0.0 0 -2.53 10.31 191.97 219.31 347.41 1.50 1.63 3.93 -0.65 0.87 0.85 -3.13 1.00
Car 0.0 0 -2.22 908.00 190.52 1234.32 373.05 1.49 1.60 3.72 0.49 0.87 0.85 -1.65 1.00
Car 0.0 0 -2.73 136.31 186.97 356.33 270.15 1.53 1.62 3.88 -0.52 0.84 0.92 3.08 1.00
Car 0.0 0 -1.73 692.44 188.42 742.45 234.92 1.44 1.56 3.74 0.07 0.77 0.90 -1.58 1.00
Car 0.0 0 -2.82 272.53 185.66 428.60 246.75 1.51 1.59 3.93 -0.38 0.81 0.89 3.12 1.00
Car 0.0 0 0.28 348.62 183.58 472.79 233.71 1.52 1.59 3.84 -0.32 0.81 0.92 0.01 0.99
Car 0.0 0 0.38 222.84 183.80 423.18 257.05 1.50 1.63 3.95 -0.43 0.81 0.92 0.00 0.98
Car 0.0 0 -1.59 645.24 169.88 663.04 198.27 1.51 1.64 3.50 -0.00 0.77 0.93 -1.53 0.98
Car 0.0 0 3.28 484.49 179.71 537.78 204.02 1.52 1.57 3.91 -0.19 0.78 0.92 -3.14 0.98
Car 0.0 0 3.09 739.84 184.52 815.22 215.81 1.52 1.63 4.04 0.15 0.79 0.91 -2.96 0.97
Car 0.0 0 3.19 511.12 178.25 549.33 197.37 1.49 1.68 3.92 -0.16 0.76 0.87 3.08 0.94
Car 0.0 0 3.37 409.59 182.02 492.02 217.12 1.48 1.48 3.29 -0.27 0.77 0.97 -3.13 0.79
