Pedestrian 0.0 0 1.67 407.87 179.44 404.30 220.25 1.70 0.66 0.71 -0.34 0.89 0.99 1.40 0.96
Pedestrian 0.0 0 1.68 417.43 179.27 410.27 213.32 1.74 0.64 0.74 -0.35 0.91 1.06 1.41 0.91
Car 0.0 0 -1.86 703.12 187.30 861.45 294.23 1.45 1.62 3.90 0.15 0.81 0.87 -1.62 1.00
Car 0.0 0 0.70 994.44 195.72 1235.69 374.53 1.48 1.60 3.92 0.53 0.87 0.83 1.31 1.00
Car 0.0 0 -1.71 579.65 184.68 614.99 223.55 1.51 1.58 3.76 -0.08 0.80 0.93 -1.73 1.00
Car 0.0 0 -1.77 637.23 180.35 718.39 245.10 1.47 1.60 3.87 0.03 0.78 0.90 -1.68 1.00
Car 0.0 0 -1.37 268.21 200.63 377.12 282.12 1.41 1.61 3.69 -0.44 0.80 0.95 -1.75 1.00
Car 0.0 0 -1.65 557.31 187.46 574.67 212.94 1.50 1.63 3.80 -0.12 0.79 0.96 -1.71 0.99
Car 0.0 0 -1.55 418.55 189.75 442.42 219.73 1.43 1.59 3.62 -0.31 0.76 0.99 -1.79 0.98
Cyclist 0.0 0 1.69 379.11 182.20 410.80 283.54 1.77 0.64 1.80 -0.35 0.97 0.97 1.40 1.00
Cyclist 0.0 0 1.72 432.62 186.90 452.15 262.41 1.75 0.67 1.71 -0.29 0.95 0.98 1.50 0.99
