Car 0.0 0 1.84 360.19 189.10 443.83 250.94 1.52 1.63 3.98 -0.34 0.82 0.96 1.56 1.00
Car 0.0 0 -2.21 901.37 174.89 1232.76 373.12 1.57 1.61 3.77 0.47 0.90 0.83 -1.64 1.00
Car 0.0 0 -1.05 11.26 197.35 266.16 372.30 1.41 1.57 3.69 -0.62 0.84 0.86 -1.63 1.00
Car 0.0 0 1.81 423.09 188.10 476.18 228.41 1.46 1.61 4.00 -0.26 0.78 0.92 1.59 1.00
Car 0.0 0 2.88 781.22 157.73 872.21 194.55 1.66 1.73 4.25 0.23 0.83 0.95 -3.11 1.00
Car 0.0 0 -0.64 1095.49 138.58 1206.36 174.37 1.62 1.80 4.70 0.65 0.79 0.95 0.01 1.00
Car 0.0 0 1.74 516.89 182.20 533.95 203.24 1.47 1.60 3.87 -0.18 0.76 1.01 1.62 0.99
Car 0.0 0 1.72 490.16 186.05 513.01 213.30 1.48 1.63 3.95 -0.20 0.77 0.96 1.57 0.99
Car 0.0 0 -1.64 677.29 175.26 694.71 201.08 1.49 1.62 3.78 0.04 0.77 0.92 -1.53 0.99
Car 0.0 0 2.88 757.05 161.49 824.83 190.93 1.58 1.67 3.85 0.18 0.80 0.95 3.12 0.99
Car 0.0 0 -0.54 1016.26 146.02 1110.57 174.28 1.63 1.75 4.71 0.57 0.80 1.01 0.02 0.99
Car 0.0 0 -0.53 1035.33 145.41 1138.90 174.56 1.59 1.78 4.61 0.58 0.78 0.96 0.06 0.98
Car 0.0 0 1.69 461.44 186.21 493.48 221.42 1.51 1.64 3.99 -0.23 0.80 0.94 1.51 0.97
Car 0.0 0 -0.54 1059.83 144.40 1170.66 175.37 1.55 1.72 4.46 0.63 0.76 0.98 0.07 0.97
