Car 0.0 0 -1.36 405.97 187.29 470.53 238.66 1.39 1.61 3.80 -0.29 0.73 0.97 -1.59 1.00
Car 0.0 0 -1.09 6.60 206.99 381.14 370.97 1.41 1.63 4.10 -0.58 0.84 0.90 -1.61 1.00
Car 0.0 0 -1.15 195.63 190.70 336.13 267.60 1.44 1.58 3.70 -0.50 0.78 0.92 -1.60 1.00
Car 0.0 0 -1.09 119.72 185.67 234.67 241.80 1.46 1.57 3.79 -0.64 0.77 0.97 -1.63 1.00
Car 0.0 0 -1.58 581.86 182.71 597.12 209.83 1.53 1.61 3.84 -0.08 0.78 0.96 -1.60 0.99
Car 0.0 0 -1.23 310.46 183.31 364.46 219.50 1.49 1.57 3.85 -0.46 0.77 1.06 -1.59 0.99
Car 0.0 0 -1.31 313.52 188.02 376.93 231.50 1.34 1.60 3.74 -0.42 0.70 1.00 -1.66 0.99
Car 0.0 0 -0.90 5.45 200.40 102.67 275.21 1.51 1.64 4.08 -0.85 0.83 1.03 -1.56 0.97
Car 0.0 0 -0.89 4.25 200.00 152.72 340.49 1.43 1.61 3.86 -0.78 0.83 0.97 -1.53 0.97
Car 0.0 0 -1.48 523.98 186.38 534.95 206.87 1.47 1.62 3.71 -0.16 0.75 0.95 -1.59 0.95
