Car 0.0 0 1.84 304.74 162.60 499.62 334.89 1.79 1.67 3.86 -0.31 0.99 0.87 1.56 1.00
Car 0.0 0 -1.75 736.28 194.38 811.70 255.95 1.46 1.59 3.88 0.15 0.80 0.91 -1.53 1.00
Car 0.0 0 -1.74 710.46 189.63 757.05 234.09 1.54 1.60 3.81 0.09 0.82 0.87 -1.57 1.00
Car 0.0 0 -1.82 758.02 199.22 895.64 291.76 1.41 1.60 3.94 0.21 0.80 0.90 -1.53 1.00
Car 0.0 0 1.13 859.41 211.85 1218.62 373.12 1.43 1.59 3.98 0.39 0.84 0.75 1.67 1.00
Car 0.0 0 1.70 448.06 185.70 523.88 263.76 1.60 1.60 4.05 -0.22 0.87 0.96 1.53 0.99
Car 0.0 0 1.67 542.35 183.19 566.93 216.14 1.52 1.65 3.99 -0.13 0.80 0.98 1.60 0.99
Car 0.0 0 -1.69 681.51 186.10 705.92 215.31 1.51 1.60 3.80 0.05 0.79 0.98 -1.57 0.99
Car 0.0 0 -1.70 694.93 191.13 724.94 224.66 1.51 1.59 3.62 0.07 0.80 0.91 -1.56 0.97
Car 0.0 0 -1.75 658.71 184.85 665.87 198.75 1.40 1.56 3.65 0.01 0.73 0.90 -1.68 0.90
