Pedestrian 0.0 0 0.71 536.98 158.52 529.59 204.85 1.85 0.61 0.90 -0.16 0.93 1.01 0.61 1.00
Pedestrian 0.0 0 3.14 385.62 171.46 375.93 215.17 1.70 0.63 0.91 -0.38 0.87 1.01 2.83 0.99
Pedestrian 0.0 0 -2.96 458.16 167.93 448.23 212.03 1.74 0.56 0.79 -0.28 0.89 1.01 3.12 0.98
Pedestrian 0.0 0 0.21 435.02 166.54 422.75 207.67 1.84 0.65 0.71 -0.32 0.93 1.05 -0.03 0.91
Car 0.0 0 -1.39 454.28 177.73 507.01 225.66 1.40 1.60 3.76 -0.22 0.73 0.93 -1.56 1.00
Car 0.0 0 -0.68 1042.82 148.23 1119.10 176.33 1.54 1.70 4.18 0.62 0.75 1.00 -0.09 1.00
Car 0.0 0 -0.50 959.84 163.21 1018.36 183.23 1.52 1.60 4.12 0.44 0.75 0.91 -0.00 0.99
Cyclist 0.0 0 -0.71 318.54 171.08 347.52 217.26 1.75 0.61 1.74 -0.44 0.90 1.00 -1.07 1.00
Cyclist 0.0 0 -0.37 798.03 154.77 821.42 192.65 1.72 0.58 1.71 0.24 0.85 1.03 -0.08 1.00
Cyclist 0.0 0 -0.19 868.96 155.26 892.99 192.49 1.71 0.63 1.74 0.34 0.85 1.01 0.18 1.00
Cyclist 0.0 0 -0.25 671.99 161.37 681.81 186.44 1.76 0.61 1.72 0.04 0.87 1.00 -0.15 1.00
