Car 0.0 0 -2.27 998.93 197.50 1231.28 373.02 1.47 1.59 3.60 0.53 0.87 0.84 -1.66 1.00
Car 0.0 0 -1.07 173.58 201.41 229.49 230.30 1.48 1.58 3.63 -0.62 0.80 0.98 -1.59 1.00
Car 0.0 0 2.24 9.19 219.71 203.91 373.86 1.43 1.62 3.98 -0.68 0.87 0.88 1.63 1.00
Car 0.0 0 1.75 439.13 190.92 477.88 225.01 1.43 1.63 3.82 -0.27 0.77 1.01 1.54 1.00
Car 0.0 0 -1.08 127.86 204.97 187.42 234.17 1.46 1.57 3.73 -0.69 0.79 1.00 -1.64 1.00
Car 0.0 0 -1.69 660.38 176.44 687.05 208.61 1.51 1.60 3.85 0.03 0.78 0.97 -1.60 1.00
Car 0.0 0 -0.99 74.53 206.10 145.68 236.01 1.38 1.59 3.92 -0.81 0.76 1.08 -1.59 0.99
Car 0.0 0 1.71 501.87 185.34 517.47 205.81 1.43 1.58 4.00 -0.20 0.75 0.99 1.58 0.98
Car 0.0 0 1.72 469.51 190.03 496.01 217.56 1.46 1.64 3.94 -0.23 0.77 0.97 1.55 0.98
Car 0.0 0 -1.17 224.30 201.15 283.26 230.85 1.43 1.58 3.78 -0.56 0.77 1.02 -1.62 0.98
