Car 0.0 0 -1.12 9.60 200.49 217.93 323.10 1.45 1.57 3.68 -0.66 0.82 0.87 -1.72 1.00
Car 0.0 0 -1.26 219.04 190.39 320.71 251.13 1.40 1.62 3.97 -0.49 0.75 0.92 -1.70 1.00
Car 0.0 0 -1.65 540.46 180.70 590.27 238.02 1.58 1.67 3.79 -0.12 0.82 0.98 -1.70 1.00
Car 0.0 0 -1.38 341.97 186.99 380.25 222.14 1.44 1.59 3.87 -0.39 0.75 0.96 -1.71 1.00
Car 0.0 0 -1.12 115.73 187.50 214.86 240.36 1.51 1.61 3.93 -0.67 0.79 0.99 -1.67 1.00
Car 0.0 0 -1.53 443.11 187.92 486.86 237.48 1.53 1.68 3.78 -0.24 0.80 0.90 -1.72 1.00
Car 0.0 0 -1.51 514.70 184.34 519.88 200.85 1.45 1.62 3.84 -0.18 0.73 0.97 -1.63 0.99
Car 0.0 0 -1.21 218.20 181.35 280.26 220.04 1.52 1.63 3.95 -0.55 0.78 0.98 -1.67 0.99
Car 0.0 0 -1.39 378.71 187.19 401.31 213.22 1.49 1.63 3.67 -0.36 0.77 0.98 -1.68 0.97
Car 0.0 0 -1.37 295.40 188.82 324.15 213.38 1.43 1.62 3.88 -0.49 0.74 1.03 -1.76 0.96
