Car 0.0 0 -2.67 197.73 181.87 366.62 251.33 1.56 1.59 3.51 -0.47 0.84 0.91 -3.10 1.00
Car 0.0 0 1.07 830.89 199.75 1239.11 369.95 1.43 1.57 3.92 0.37 0.83 0.72 1.61 0.99
Car 0.0 0 0.37 260.54 181.32 432.45 244.78 1.53 1.64 4.00 -0.40 0.82 0.92 0.02 0.99
Car 0.0 0 -1.73 681.71 176.61 756.57 249.16 1.57 1.60 3.73 0.08 0.84 0.95 -1.58 0.99
Car 0.0 0 -2.83 298.43 181.48 451.68 236.93 1.48 1.62 4.10 -0.36 0.79 0.93 3.14 0.99
Car 0.0 0 -1.61 633.29 177.72 633.95 190.78 1.39 1.61 3.66 -0.03 0.71 0.96 -1.58 0.98
Car 0.0 0 0.19 452.84 170.28 535.33 207.74 1.71 1.71 4.24 -0.21 0.88 0.95 0.03 0.98
Car 0.0 0 -1.65 655.59 184.70 677.94 214.76 1.50 1.59 3.74 0.02 0.79 0.97 -1.57 0.96
Car 0.0 0 0.21 421.35 179.69 505.11 214.19 1.56 1.67 3.96 -0.25 0.81 0.94 0.01 0.88
Car 0.0 0 0.24 411.24 182.36 499.19 218.16 1.52 1.63 3.91 -0.26 0.80 0.92 0.03 0.84
