Car 0.0 0 -1.11 49.40 198.49 394.23 372.31 1.45 1.63 4.06 -0.53 0.85 0.88 -1.61 1.00
Car 0.0 0 -1.29 340.83 189.57 405.16 235.88 1.46 1.61 3.91 -0.37 0.77 0.94 -1.60 1.00
Car 0.0 0 -1.39 454.17 187.49 523.78 246.38 1.46 1.63 4.01 -0.21 0.77 0.92 -1.55 1.00
Car 0.0 0 -1.32 417.42 184.16 458.06 217.22 1.47 1.61 3.99 -0.31 0.76 1.05 -1.55 1.00
Car 0.0 0 -0.91 9.98 187.86 130.52 272.29 1.54 1.64 3.99 -0.81 0.83 1.00 -1.55 1.00
Car 0.0 0 -1.18 301.54 188.92 356.76 222.57 1.45 1.58 3.88 -0.48 0.76 1.09 -1.55 0.99
Car 0.0 0 -1.59 591.42 184.03 611.71 216.46 1.57 1.60 3.78 -0.07 0.81 0.95 -1.60 0.99
Car 0.0 0 -1.04 127.06 185.92 252.10 242.71 1.51 1.63 4.00 -0.67 0.80 1.04 -1.57 0.97
Car 0.0 0 -1.47 508.35 187.92 525.40 213.45 1.41 1.56 3.62 -0.18 0.73 0.96 -1.59 0.97
Car 0.0 0 -1.01 45.67 192.70 255.28 292.09 1.44 1.65 3.90 -0.72 0.80 1.03 -1.57 0.89
Car 0.0 0 -1.51 542.30 183.60 557.04 209.70 1.48 1.59 3.74 -0.14 0.76 0.99 -1.59 0.27
