Car 0.0 0 -1.43 419.81 185.11 487.56 247.25 1.48 1.62 3.86 -0.26 0.80 0.93 -1.64 1.00
Car 0.0 0 -1.26 274.83 205.64 425.72 307.02 1.43 1.60 3.76 -0.38 0.82 0.89 -1.60 1.00
Car 0.0 0 -1.74 694.10 183.15 775.00 257.05 1.52 1.60 3.57 0.10 0.82 0.93 -1.57 1.00
Car 0.0 0 -2.04 810.08 183.41 1227.99 371.65 1.49 1.59 3.80 0.43 0.87 0.85 -1.52 1.00
Car 0.0 0 -1.61 661.71 179.58 685.22 213.29 1.54 1.65 3.75 0.03 0.80 0.96 -1.52 1.00
Car 0.0 0 1.67 529.18 186.57 539.02 205.13 1.43 1.59 3.86 -0.16 0.75 0.98 1.57 0.99
Car 0.0 0 1.71 495.77 185.40 522.67 216.57 1.53 1.59 3.97 -0.21 0.81 1.05 1.57 0.99
Car 0.0 0 -1.59 640.53 179.94 643.71 195.70 1.45 1.58 3.75 -0.02 0.75 0.96 -1.55 0.97
Cyclist 0.0 0 1.62 590.87 180.83 580.51 195.82 1.68 0.67 1.79 -0.10 0.86 1.07 1.59 0.98
Cyclist 0.0 0 1.63 579.23 180.81 568.34 196.34 1.80 0.61 1.95 -0.11 0.93 1.10 1.58 0.97
