Car 0.0 0 -1.85 742.66 179.01 927.00 319.10 1.58 1.61 3.59 0.20 0.88 0.84 -1.55 1.00
Car 0.0 0 0.70 18.22 192.75 282.13 328.76 1.50 1.59 3.83 -0.57 0.85 0.79 0.13 1.00
Car 0.0 0 -2.77 209.68 186.58 371.68 254.67 1.59 1.62 3.61 -0.47 0.85 0.92 3.10 1.00
Car 0.0 0 0.28 312.56 184.43 451.92 240.49 1.53 1.63 3.92 -0.35 0.82 0.93 -0.03 1.00
Car 0.0 0 0.25 359.61 183.32 477.18 233.59 1.55 1.61 3.75 -0.31 0.82 0.96 -0.01 1.00
Car 0.0 0 0.15 451.89 170.32 520.86 199.04 1.68 1.78 4.40 -0.23 0.86 0.99 -0.02 0.99
Car 0.0 0 0.51 47.38 183.53 349.61 291.38 1.59 1.63 3.98 -0.57 0.88 0.89 -0.01 0.99
Car 0.0 0 -0.14 725.09 178.61 816.80 213.98 1.56 1.66 4.21 0.15 0.81 0.94 0.08 0.99
Car 0.0 0 -1.68 678.57 185.71 718.56 230.05 1.53 1.64 3.57 0.06 0.81 0.97 -1.55 0.99
Car 0.0 0 -1.70 638.29 180.76 645.36 195.22 1.35 1.58 3.62 -0.02 0.70 0.97 -1.66 0.99
Car 0.0 0 -2.63 147.90 172.48 346.43 268.96 1.79 1.59 3.04 -0.51 0.96 0.90 -3.10 0.99
Car 0.0 0 -2.96 419.16 179.28 498.87 212.18 1.46 1.58 3.63 -0.25 0.76 0.92 3.12 0.95
Cyclist 0.0 0 1.55 584.76 178.41 570.74 191.49 1.74 0.55 1.58 -0.11 0.89 1.10 1.51 0.32
