Pedestrian 0.0 0 -1.89 736.02 161.39 784.72 334.47 1.72 0.85 0.93 0.17 0.95 1.01 -1.67 1.00
Pedestrian 0.0 0 -2.36 300.06 166.64 324.48 275.93 1.71 0.71 0.86 -0.49 0.91 1.08 -2.75 1.00
Pedestrian 0.0 0 2.73 1094.84 154.74 1138.14 301.36 1.72 0.67 1.03 0.71 0.93 1.07 -2.93 1.00
Pedestrian 0.0 0 -1.89 825.94 157.25 871.93 330.76 1.76 0.75 0.94 0.28 0.97 0.99 -1.56 1.00
Pedestrian 0.0 0 -1.74 645.53 171.30 649.93 235.72 1.65 0.71 0.85 0.00 0.86 0.98 -1.68 0.99
Pedestrian 0.0 0 1.78 1048.78 154.74 1081.83 278.19 1.70 0.68 0.75 0.55 0.90 0.94 2.35 0.98
Pedestrian 0.0 0 1.70 386.80 171.66 396.86 252.50 1.71 0.66 0.81 -0.34 0.90 0.98 1.42 0.98
Pedestrian 0.0 0 -2.31 831.45 158.43 858.04 266.57 1.74 0.78 0.98 0.29 0.92 1.03 -1.98 0.97
Pedestrian 0.0 0 1.85 409.15 174.77 422.96 257.24 1.67 0.70 0.88 -0.32 0.89 1.01 1.60 0.95
Pedestrian 0.0 0 -2.98 1121.23 138.99 1175.86 286.36 1.78 0.83 1.14 0.78 0.94 1.10 -2.33 0.95
Pedestrian 0.0 0 -1.81 690.51 175.36 694.04 231.91 1.67 0.75 0.88 0.07 0.87 1.03 -1.69 0.73
Car 0.0 0 1.73 409.82 158.91 478.75 225.08 1.75 1.68 4.37 -0.26 0.89 0.93 1.52 1.00
Car 0.0 0 1.69 455.45 165.90 496.17 209.57 1.56 1.62 4.15 -0.22 0.79 0.93 1.52 0.99
Car 0.0 0 1.56 531.62 167.65 549.35 199.38 1.58 1.67 4.07 -0.14 0.80 0.93 1.48 0.99
