Car 0.0 0 -2.53 7.96 192.14 237.45 346.70 1.51 1.65 4.12 -0.63 0.87 0.84 -3.12 1.00
Car 0.0 0 -0.55 874.56 197.39 1090.89 276.03 1.39 1.62 3.79 0.41 0.77 0.90 -0.08 1.00
Car 0.0 0 0.37 225.55 184.18 427.43 264.84 1.52 1.59 3.72 -0.43 0.83 0.93 -0.00 1.00
Car 0.0 0 -2.86 300.96 176.34 456.01 241.25 1.68 1.66 4.07 -0.37 0.89 0.96 3.12 1.00
Car 0.0 0 -2.64 21.37 191.57 352.04 300.28 1.43 1.60 4.26 -0.58 0.80 0.89 3.11 1.00
Car 0.0 0 -0.24 730.06 183.27 835.24 226.68 1.57 1.66 4.05 0.17 0.83 0.94 -0.01 1.00
Car 0.0 0 -0.43 825.78 186.71 1020.41 263.21 1.51 1.61 3.73 0.34 0.82 0.91 -0.02 0.99
Car 0.0 0 0.20 438.68 184.38 510.73 215.32 1.52 1.64 3.89 -0.25 0.80 0.99 0.02 0.99
Car 0.0 0 2.36 1066.64 193.88 1234.72 369.41 1.46 1.59 3.89 0.63 0.87 0.92 3.01 0.99
Car 0.0 0 -1.69 648.58 187.35 666.96 211.96 1.42 1.50 3.67 0.00 0.75 0.94 -1.63 0.97
Car 0.0 0 1.38 573.09 180.65 577.13 195.16 1.52 1.61 3.65 -0.10 0.78 0.89 1.33 0.27
