Car 0.0 0 2.05 8.86 215.46 260.14 363.76 1.40 1.56 3.67 -0.64 0.84 0.87 1.47 1.00
Car 0.0 0 -1.92 720.84 200.08 939.96 339.80 1.41 1.59 3.80 0.22 0.83 0.90 -1.62 1.00
Car 0.0 0 -2.80 801.97 175.17 914.82 225.92 1.59 1.53 3.49 0.24 0.83 0.88 -2.47 1.00
Car 0.0 0 -1.69 596.31 193.95 638.75 237.71 1.52 1.60 3.62 -0.05 0.81 0.88 -1.68 1.00
Car 0.0 0 1.16 1132.73 168.87 1232.97 264.67 1.52 1.60 3.57 0.61 0.81 0.84 1.83 1.00
Car 0.0 0 -2.86 731.54 183.02 824.66 217.41 1.48 1.43 3.78 0.16 0.78 0.94 -2.63 0.99
Car 0.0 0 1.75 412.06 194.24 439.32 220.98 1.50 1.63 3.94 -0.30 0.80 0.95 1.50 0.99
Car 0.0 0 -2.87 768.84 180.07 875.51 220.55 1.52 1.52 3.89 0.21 0.79 0.92 -2.58 0.99
Car 0.0 0 -1.66 585.11 191.99 611.71 224.94 1.47 1.59 3.82 -0.08 0.79 1.00 -1.67 0.99
Car 0.0 0 -1.59 570.82 186.61 577.25 205.12 1.45 1.55 3.68 -0.11 0.76 0.99 -1.64 0.96
Car 0.0 0 1.80 500.16 190.32 503.59 201.16 1.35 1.54 3.74 -0.20 0.71 0.96 1.66 0.94
Car 0.0 0 -2.54 1111.94 177.55 1221.40 376.61 1.53 1.59 3.87 0.74 0.91 1.03 -1.88 0.68
