Pedestrian 0.0 0 -2.70 247.20 167.10 251.17 245.49 1.83 0.62 0.75 -0.63 0.96 1.12 3.12 0.99
Pedestrian 0.0 0 -2.85 90.16 172.07 104.44 263.36 1.78 0.62 0.90 -0.83 0.95 1.07 2.81 0.99
Pedestrian 0.0 0 0.63 166.43 177.94 171.51 242.69 1.72 0.63 0.92 -0.70 0.91 1.03 0.08 0.99
Pedestrian 0.0 0 0.81 141.24 180.91 149.04 246.58 1.75 0.50 1.13 -0.71 0.92 1.00 0.24 0.99
Pedestrian 0.0 0 0.40 619.22 156.06 623.15 239.23 1.86 0.67 0.93 -0.03 0.96 1.05 0.42 0.98
Pedestrian 0.0 0 0.32 413.44 163.44 414.11 248.67 1.72 0.73 0.70 -0.36 0.90 1.11 0.05 0.98
Car 0.0 0 -1.26 233.38 182.63 441.44 333.96 1.49 1.62 3.78 -0.39 0.84 0.87 -1.62 1.00
Car 0.0 0 -0.62 1107.73 154.57 1207.54 185.52 1.53 1.79 4.48 0.68 0.75 0.94 0.04 0.99
Car 0.0 0 1.61 479.24 173.57 481.80 189.08 1.43 1.61 3.98 -0.23 0.72 0.99 1.44 0.98
Cyclist 0.0 0 -0.97 906.71 147.65 927.38 199.82 1.80 0.60 1.93 0.41 0.89 1.05 -0.55 1.00
Cyclist 0.0 0 -1.00 1201.68 143.01 1210.46 204.53 1.78 0.61 1.87 0.81 0.88 1.02 -0.30 1.00
Cyclist 0.0 0 -0.17 316.44 170.17 367.28 250.23 1.78 0.64 1.71 -0.45 0.94 1.04 -0.52 0.99
