Car 0.0 0 -1.85 719.83 184.36 899.68 315.80 1.47 1.59 3.59 0.19 0.82 0.88 -1.58 1.00
Car 0.0 0 -1.12 53.52 189.32 333.96 359.10 1.47 1.58 3.74 -0.57 0.84 0.88 -1.64 1.00
Car 0.0 0 -1.35 367.05 192.22 444.51 249.60 1.38 1.62 3.94 -0.32 0.74 0.93 -1.62 1.00
Car 0.0 0 -1.61 569.91 186.86 592.28 222.07 1.58 1.62 3.71 -0.09 0.82 0.93 -1.65 1.00
Car 0.0 0 -0.99 23.00 182.23 196.59 276.78 1.58 1.64 3.92 -0.70 0.85 0.93 -1.60 0.99
Car 0.0 0 -1.40 441.30 193.43 480.69 231.71 1.46 1.60 3.83 -0.24 0.76 0.90 -1.60 0.99
Car 0.0 0 -1.50 495.81 186.08 506.85 208.06 1.53 1.61 3.72 -0.21 0.79 1.02 -1.65 0.99
Car 0.0 0 -1.33 365.82 187.70 404.66 221.83 1.48 1.61 3.88 -0.37 0.77 1.00 -1.63 0.99
Car 0.0 0 -1.17 218.88 182.58 313.78 235.45 1.49 1.59 3.69 -0.54 0.78 1.01 -1.61 0.97
Car 0.0 0 -1.64 612.03 188.12 614.36 204.78 1.38 1.47 3.57 -0.05 0.71 0.97 -1.63 0.97
