Car 0.0 0 -1.72 622.07 184.94 707.81 264.44 1.53 1.64 3.62 0.01 0.82 0.90 -1.64 1.00
Car 0.0 0 -1.22 169.31 194.36 329.58 289.56 1.45 1.62 3.89 -0.52 0.80 0.92 -1.68 1.00
Car 0.0 0 -1.34 318.75 193.08 396.22 248.50 1.41 1.62 4.03 -0.38 0.75 0.92 -1.68 1.00
Car 0.0 0 -1.58 511.91 184.40 539.18 224.68 1.61 1.66 3.74 -0.17 0.83 0.99 -1.69 1.00
Car 0.0 0 -1.41 377.35 188.84 418.08 228.01 1.49 1.60 3.84 -0.35 0.78 0.98 -1.70 1.00
Car 0.0 0 -1.25 273.38 187.02 336.64 230.09 1.50 1.60 3.87 -0.47 0.78 0.97 -1.65 1.00
Car 0.0 0 -0.82 8.58 211.34 98.78 368.58 1.39 1.61 3.86 -0.82 0.84 0.98 -1.47 0.99
Car 0.0 0 -1.62 559.51 184.42 562.51 201.67 1.49 1.65 3.73 -0.12 0.76 0.98 -1.68 0.98
Car 0.0 0 -1.47 434.80 188.45 446.93 212.10 1.41 1.53 3.54 -0.28 0.73 0.96 -1.70 0.96
Car 0.0 0 -1.50 451.80 188.34 455.44 204.84 1.43 1.56 3.55 -0.26 0.73 0.94 -1.71 0.91
Car 0.0 0 -1.11 103.35 177.16 229.04 241.72 1.51 1.66 3.96 -0.67 0.79 0.98 -1.66 0.91
Car 0.0 0 -1.10 59.30 180.77 185.11 254.77 1.43 1.56 3.76 -0.76 0.76 1.03 -1.70 0.90
Car 0.0 0 -1.32 332.04 182.84 366.12 213.01 1.50 1.63 4.00 -0.46 0.77 1.11 -1.67 0.83
