Car 0.0 0 -0.90 13.14 205.33 149.96 349.53 1.46 1.63 3.85 -0.73 0.85 0.91 -1.53 1.00
Car 0.0 0 -1.09 57.50 188.31 193.11 253.33 1.50 1.61 3.93 -0.69 0.80 0.93 -1.68 1.00
Car 0.0 0 -1.37 321.22 185.77 369.18 224.99 1.45 1.65 4.09 -0.42 0.75 0.99 -1.72 1.00
Car 0.0 0 -1.62 534.75 181.49 580.99 235.86 1.54 1.67 3.70 -0.13 0.80 0.97 -1.69 1.00
Car 0.0 0 -1.48 426.99 181.22 481.19 237.80 1.51 1.67 3.94 -0.27 0.79 0.99 -1.69 1.00
Car 0.0 0 -1.17 168.12 188.08 290.31 255.03 1.33 1.60 3.81 -0.54 0.71 0.92 -1.65 0.99
Car 0.0 0 -1.35 288.87 188.08 313.67 213.12 1.46 1.57 3.63 -0.50 0.75 1.02 -1.75 0.99
Car 0.0 0 -1.19 182.61 179.55 268.07 230.53 1.48 1.60 3.77 -0.57 0.77 0.95 -1.68 0.99
Car 0.0 0 -1.49 513.94 184.61 519.93 201.22 1.40 1.61 3.69 -0.19 0.71 1.00 -1.62 0.98
Car 0.0 0 -1.40 371.00 187.79 393.61 212.77 1.45 1.60 3.73 -0.39 0.75 1.04 -1.70 0.98
