Car 0.0 0 -1.29 360.99 184.02 465.40 258.74 1.49 1.63 3.99 -0.31 0.79 0.93 -1.55 1.00
Car 0.0 0 -1.54 588.23 175.73 645.66 242.55 1.57 1.69 3.86 -0.05 0.82 0.95 -1.53 1.00
Car 0.0 0 -0.94 10.11 195.50 307.64 374.75 1.48 1.64 3.81 -0.61 0.87 0.88 -1.50 1.00
Car 0.0 0 -1.18 190.47 188.05 316.62 254.43 1.39 1.56 3.72 -0.52 0.74 0.92 -1.64 1.00
Car 0.0 0 -1.43 468.99 186.25 502.40 222.49 1.47 1.59 3.80 -0.23 0.76 1.01 -1.59 1.00
Car 0.0 0 -1.24 290.70 185.73 336.28 217.17 1.46 1.63 4.03 -0.49 0.75 1.05 -1.63 1.00
Car 0.0 0 -1.42 633.68 177.32 649.53 199.95 1.53 1.61 3.83 -0.01 0.77 1.03 -1.38 0.99
Car 0.0 0 -1.45 507.13 184.22 527.76 209.62 1.46 1.59 3.88 -0.19 0.75 1.03 -1.58 0.99
Car 0.0 0 -0.85 11.30 195.64 49.70 327.47 1.42 1.66 3.94 -0.93 0.83 1.08 -1.52 0.96
Car 0.0 0 -1.05 681.76 182.64 690.33 194.29 1.38 1.54 3.63 0.05 0.70 0.98 -0.94 0.39
