Car 0.0 0 -1.37 382.71 187.53 477.31 261.71 1.45 1.63 3.88 -0.29 0.79 0.93 -1.62 1.00
Car 0.0 0 -2.30 916.57 198.30 1225.82 371.89 1.46 1.62 3.79 0.46 0.86 0.82 -1.73 1.00
Car 0.0 0 -1.18 161.15 212.52 387.12 350.67 1.37 1.55 3.56 -0.48 0.82 0.90 -1.61 1.00
Car 0.0 0 -1.75 712.05 187.46 819.79 277.09 1.48 1.59 3.80 0.13 0.82 0.89 -1.54 1.00
Car 0.0 0 -1.63 667.54 181.85 694.79 218.30 1.53 1.66 3.74 0.03 0.80 0.94 -1.53 1.00
Car 0.0 0 1.70 486.89 190.90 516.27 224.35 1.57 1.66 4.01 -0.20 0.83 0.97 1.55 0.99
Car 0.0 0 1.67 525.38 189.15 535.05 210.08 1.45 1.55 3.71 -0.17 0.76 0.96 1.56 0.98
Car 0.0 0 -1.62 645.06 182.58 646.97 195.37 1.43 1.63 3.76 -0.01 0.74 1.01 -1.57 0.94
Cyclist 0.0 0 1.62 589.37 181.62 581.81 202.20 1.73 0.69 1.89 -0.09 0.89 1.06 1.59 0.98
Cyclist 0.0 0 1.58 578.17 182.42 569.43 202.37 1.81 0.61 2.00 -0.11 0.94 1.05 1.53 0.98
