Car 0.0 0 1.84 330.01 194.77 451.67 286.18 1.49 1.59 3.79 -0.34 0.83 0.93 1.54 1.00
Car 0.0 0 1.78 415.92 186.31 500.16 253.78 1.49 1.64 4.00 -0.26 0.81 0.93 1.57 1.00
Car 0.0 0 -1.83 728.02 185.09 861.28 279.76 1.50 1.62 3.99 0.17 0.82 0.88 -1.58 1.00
Car 0.0 0 1.98 73.28 199.91 404.00 370.82 1.45 1.58 3.83 -0.50 0.86 0.85 1.51 1.00
Car 0.0 0 -1.75 703.65 179.05 773.31 239.72 1.56 1.63 3.91 0.11 0.83 0.95 -1.57 1.00
Car 0.0 0 -1.97 777.69 191.35 1187.63 371.37 1.45 1.62 3.95 0.37 0.85 0.83 -1.50 1.00
Car 0.0 0 2.86 919.61 159.24 1038.52 210.83 1.79 1.70 3.86 0.44 0.91 0.98 -2.95 0.99
Car 0.0 0 -1.76 651.60 179.83 672.42 203.65 1.48 1.59 3.60 0.00 0.76 0.88 -1.69 0.99
Car 0.0 0 -1.80 608.89 180.76 618.62 195.22 1.39 1.62 3.62 -0.05 0.72 0.95 -1.79 0.99
Car 0.0 0 2.39 571.82 177.97 591.28 189.67 1.47 1.46 4.07 -0.10 0.75 0.98 2.35 0.98
Car 0.0 0 2.46 12.86 236.51 145.28 373.18 1.40 1.64 3.96 -0.80 0.89 1.00 1.83 0.97
Cyclist 0.0 0 2.33 520.18 175.08 523.03 193.16 1.67 0.59 1.55 -0.18 0.85 1.00 2.21 0.99
