Car 0.0 0 1.98 99.76 207.18 385.48 370.25 1.41 1.58 3.76 -0.49 0.84 0.85 1.51 1.00
Car 0.0 0 1.93 290.38 196.59 394.45 262.84 1.47 1.58 3.79 -0.41 0.81 0.95 1.57 1.00
Car 0.0 0 -1.69 672.79 184.82 721.76 231.32 1.45 1.62 3.78 0.05 0.77 0.91 -1.57 1.00
Car 0.0 0 2.85 775.78 167.28 885.40 210.03 1.57 1.66 4.11 0.23 0.81 0.93 -3.14 1.00
Car 0.0 0 2.72 828.43 152.22 992.82 225.37 1.73 1.66 3.94 0.32 0.89 0.92 3.12 1.00
Car 0.0 0 -1.40 420.97 187.78 469.76 229.08 1.49 1.62 3.85 -0.28 0.79 0.95 -1.63 0.99
Car 0.0 0 1.74 481.73 187.19 504.94 213.92 1.50 1.59 3.86 -0.22 0.79 1.02 1.58 0.99
Car 0.0 0 -0.66 1162.03 138.38 1227.69 182.30 1.50 1.76 4.37 0.72 0.74 0.96 0.02 0.99
Car 0.0 0 -0.63 1005.68 158.33 1119.06 193.74 1.51 1.69 4.41 0.56 0.76 0.99 -0.07 0.99
Car 0.0 0 2.70 860.57 164.70 1082.08 236.75 1.51 1.74 4.71 0.38 0.79 0.88 -3.12 0.99
Car 0.0 0 -0.62 1057.45 155.18 1172.33 189.32 1.52 1.70 4.43 0.63 0.76 0.98 -0.01 0.98
