Car 0.0 0 1.72 437.41 166.93 536.35 267.25 1.78 1.67 4.09 -0.21 0.94 0.89 1.55 1.00
Car 0.0 0 1.29 783.28 191.32 935.70 296.78 1.44 1.58 4.09 0.21 0.80 0.77 1.62 1.00
Car 0.0 0 -1.77 735.18 188.99 812.71 250.85 1.46 1.58 3.82 0.14 0.79 0.87 -1.54 1.00
Car 0.0 0 1.72 505.56 186.40 554.26 239.07 1.57 1.58 3.97 -0.17 0.84 0.96 1.61 1.00
Car 0.0 0 -1.69 725.93 185.30 773.52 232.69 1.44 1.53 3.61 0.13 0.77 0.95 -1.50 1.00
Car 0.0 0 -1.69 705.88 181.57 738.48 218.49 1.49 1.56 3.56 0.08 0.78 0.91 -1.53 1.00
Car 0.0 0 2.29 6.17 207.33 319.93 371.48 1.46 1.64 3.97 -0.61 0.88 0.89 1.73 1.00
Car 0.0 0 1.65 566.00 179.03 583.18 205.80 1.51 1.66 4.11 -0.11 0.78 1.00 1.60 0.99
Car 0.0 0 -1.71 694.45 182.98 717.27 210.32 1.48 1.55 3.59 0.07 0.77 0.96 -1.58 0.99
Car 0.0 0 -2.04 877.05 182.15 1232.92 372.58 1.52 1.58 3.77 0.48 0.89 0.86 -1.48 0.98
