Pedestrian 0.0 0 -2.99 362.58 162.29 360.42 206.12 1.80 0.58 0.94 -0.41 0.92 1.02 2.96 0.96
Car 0.0 0 -2.04 370.87 166.41 415.87 194.08 1.60 1.66 3.81 -0.33 0.81 0.90 -2.33 1.00
Car 0.0 0 -1.95 430.36 164.61 477.90 194.99 1.62 1.71 3.93 -0.26 0.82 0.92 -2.16 1.00
Car 0.0 0 0.83 779.96 167.91 815.33 184.09 1.54 1.64 4.16 0.18 0.77 0.91 1.09 0.99
Car 0.0 0 -2.30 734.25 168.54 765.09 183.57 1.48 1.66 3.62 0.12 0.74 0.94 -2.11 0.99
Car 0.0 0 -2.42 666.83 162.99 705.07 183.41 1.55 1.54 3.53 0.04 0.77 0.98 -2.31 0.99
Car 0.0 0 0.42 845.08 164.59 879.26 180.13 1.54 1.55 3.73 0.27 0.77 0.94 0.75 0.99
Car 0.0 0 1.32 326.86 159.87 366.57 193.41 1.55 1.67 4.17 -0.38 0.78 0.89 0.97 0.99
Car 0.0 0 -2.41 758.95 169.08 788.09 183.09 1.48 1.58 3.55 0.15 0.74 0.92 -2.19 0.99
Car 0.0 0 -2.22 626.02 166.55 657.63 185.11 1.52 1.62 3.56 -0.02 0.76 0.89 -2.18 0.99
Car 0.0 0 -2.44 698.53 166.74 736.50 184.97 1.50 1.56 3.61 0.08 0.75 0.90 -2.29 0.98
Car 0.0 0 0.47 869.26 166.44 894.99 177.70 1.43 1.52 3.69 0.29 0.71 0.93 0.83 0.98
Car 0.0 0 1.66 943.36 155.26 964.58 175.33 1.56 1.65 3.77 0.40 0.77 0.97 2.10 0.69
Car 0.0 0 -1.28 1183.97 156.97 1196.69 172.05 1.49 1.65 3.94 0.78 0.73 1.04 -0.60 0.63
Car 0.0 0 -2.25 819.08 165.56 841.16 179.47 1.49 1.67 3.65 0.23 0.75 0.94 -1.96 0.27
