Car 0.0 0 1.76 395.22 199.65 481.02 272.55 1.50 1.63 3.86 -0.29 0.83 0.95 1.52 1.00
Car 0.0 0 -1.76 674.58 192.83 761.13 264.63 1.48 1.58 3.74 0.08 0.81 0.91 -1.61 1.00
Car 0.0 0 -1.80 722.76 196.69 858.25 301.18 1.46 1.58 3.64 0.17 0.82 0.90 -1.55 1.00
Car 0.0 0 -1.71 651.14 192.12 703.60 240.63 1.50 1.64 3.98 0.03 0.81 0.90 -1.62 1.00
Car 0.0 0 1.69 451.90 201.53 496.54 247.09 1.42 1.59 3.97 -0.23 0.78 0.93 1.50 1.00
Car 0.0 0 -2.12 860.95 204.89 1233.18 372.78 1.42 1.57 3.68 0.46 0.85 0.86 -1.58 1.00
Car 0.0 0 1.65 494.99 197.67 516.44 227.64 1.50 1.65 4.01 -0.20 0.80 0.97 1.51 1.00
Car 0.0 0 2.97 781.27 177.00 839.39 208.62 1.79 1.76 3.96 0.22 0.93 1.02 -3.04 0.95
Car 0.0 0 -1.75 618.36 193.03 626.02 208.03 1.47 1.57 3.58 -0.04 0.77 0.95 -1.73 0.95
Car 0.0 0 1.65 470.47 196.95 503.04 236.77 1.51 1.61 3.99 -0.22 0.81 0.93 1.48 0.91
Car 0.0 0 -1.88 587.03 194.41 591.76 206.21 1.42 1.64 3.66 -0.09 0.75 0.97 -1.91 0.72
