Car 0.0 0 1.81 304.09 205.77 451.79 316.60 1.38 1.54 3.64 -0.36 0.80 0.92 1.50 1.00
Car 0.0 0 1.73 405.68 204.67 486.43 275.92 1.49 1.62 4.03 -0.27 0.84 0.94 1.51 1.00
Car 0.0 0 -1.80 722.00 199.74 882.62 321.61 1.46 1.58 3.73 0.17 0.83 0.85 -1.54 1.00
Car 0.0 0 -1.77 679.71 198.23 765.47 266.52 1.47 1.57 3.82 0.08 0.81 0.86 -1.62 1.00
Car 0.0 0 1.69 486.00 202.05 518.45 239.33 1.50 1.64 3.98 -0.21 0.81 0.97 1.55 1.00
Car 0.0 0 -2.00 813.23 206.19 1192.91 372.03 1.40 1.56 3.62 0.41 0.84 0.87 -1.51 1.00
Car 0.0 0 2.95 816.35 181.68 892.46 220.06 1.76 1.66 3.67 0.27 0.92 0.96 -3.00 0.99
Car 0.0 0 -1.67 663.45 197.45 693.98 234.52 1.50 1.56 3.72 0.03 0.81 0.96 -1.57 0.99
Car 0.0 0 1.68 456.60 202.39 498.77 247.67 1.45 1.57 3.93 -0.23 0.79 0.95 1.50 0.99
Car 0.0 0 -1.71 671.60 196.31 724.54 246.73 1.44 1.55 3.67 0.06 0.79 0.95 -1.59 0.98
Car 0.0 0 -1.85 592.97 198.09 603.19 211.01 1.40 1.62 3.64 -0.08 0.74 0.96 -1.86 0.98
Car 0.0 0 -1.73 631.99 198.37 645.84 216.92 1.45 1.54 3.58 -0.02 0.77 0.90 -1.69 0.61
Cyclist 0.0 0 2.27 554.85 192.79 552.75 208.76 1.71 0.57 1.63 -0.14 0.90 1.03 2.20 0.95
