Car 0.0 0 -2.52 15.75 191.58 213.91 331.39 1.54 1.57 3.57 -0.66 0.88 0.88 -3.12 1.00
Car 0.0 0 -2.70 128.96 187.70 364.30 277.58 1.55 1.62 3.85 -0.51 0.85 0.90 3.12 1.00
Car 0.0 0 -2.87 255.37 187.07 421.61 254.53 1.58 1.63 4.03 -0.41 0.85 0.93 3.06 1.00
Car 0.0 0 -2.67 36.53 195.62 329.13 302.93 1.51 1.60 3.92 -0.61 0.86 0.93 3.08 1.00
Car 0.0 0 -2.91 407.06 190.19 494.67 226.35 1.46 1.57 3.82 -0.26 0.78 0.92 -3.13 0.99
Car 0.0 0 -0.34 825.04 202.96 1004.73 269.66 1.43 1.59 3.86 0.34 0.80 0.94 0.06 0.99
Car 0.0 0 -0.27 734.00 191.13 863.15 242.58 1.53 1.66 4.05 0.19 0.82 0.94 -0.02 0.99
Car 0.0 0 2.80 763.22 190.52 907.05 251.87 1.59 1.66 3.91 0.24 0.86 0.96 3.11 0.99
Car 0.0 0 -2.95 438.89 193.20 511.26 222.37 1.43 1.60 3.93 -0.22 0.76 0.87 -3.13 0.99
Car 0.0 0 -1.68 643.94 195.10 664.06 220.14 1.45 1.53 3.66 -0.00 0.77 0.91 -1.62 0.99
Car 0.0 0 0.74 11.87 192.17 194.47 371.61 1.50 1.64 4.14 -0.63 0.87 0.82 0.13 0.98
Car 0.0 0 -0.47 877.31 195.54 1136.96 294.03 1.44 1.57 3.88 0.46 0.81 0.93 0.03 0.98
Car 0.0 0 -0.58 939.92 182.10 1241.12 334.00 1.56 1.62 3.94 0.55 0.89 0.91 0.01 0.98
Car 0.0 0 0.30 287.45 176.78 445.29 249.15 1.71 1.64 3.75 -0.39 0.91 0.96 -0.03 0.98
Car 0.0 0 -0.35 809.07 198.68 956.92 257.63 1.47 1.60 4.01 0.31 0.81 0.97 0.01 0.96
Car 0.0 0 -2.12 888.40 204.46 1238.33 372.97 1.42 1.52 3.57 0.53 0.86 0.93 -1.55 0.96
Car 0.0 0 -1.62 635.36 191.29 640.38 208.65 1.47 1.57 3.66 -0.02 0.77 0.98 -1.58 0.91
Cyclist 0.0 0 1.61 543.72 190.98 539.77 224.82 1.73 0.62 1.68 -0.15 0.91 0.99 1.51 0.99
