Car 0.0 0 -1.96 766.94 188.89 1094.10 373.84 1.49 1.59 3.74 0.31 0.87 0.82 -1.54 1.00
Car 0.0 0 0.26 409.26 173.75 506.61 212.04 1.48 1.61 4.06 -0.26 0.77 0.95 0.06 1.00
Car 0.0 0 0.52 -8.21 175.48 333.67 305.93 1.62 1.71 4.31 -0.60 0.89 0.87 -0.04 1.00
Car 0.0 0 -2.80 289.40 174.09 444.53 226.16 1.40 1.60 4.14 -0.37 0.73 0.91 -3.13 0.99
Car 0.0 0 -0.12 701.63 175.25 767.58 202.29 1.57 1.67 4.13 0.11 0.81 0.97 0.05 0.99
Car 0.0 0 -0.46 895.15 188.88 1101.78 268.20 1.53 1.62 3.76 0.43 0.84 0.91 0.04 0.99
Car 0.0 0 -0.29 748.20 176.07 841.15 218.43 1.55 1.58 3.72 0.18 0.81 0.92 -0.04 0.99
Car 0.0 0 -1.66 645.44 174.83 654.45 193.41 1.45 1.58 3.72 -0.01 0.74 0.97 -1.61 0.99
Car 0.0 0 2.86 791.71 180.13 982.91 245.40 1.51 1.72 4.28 0.29 0.80 0.90 -3.06 0.98
Car 0.0 0 0.46 126.20 134.46 383.31 267.12 1.92 1.74 4.00 -0.51 1.00 0.91 -0.00 0.98
Car 0.0 0 0.16 482.65 169.41 538.76 193.54 1.57 1.64 4.10 -0.19 0.80 0.97 0.02 0.95
Car 0.0 0 0.45 560.97 169.83 579.50 183.12 1.57 1.67 3.90 -0.11 0.79 0.93 0.40 0.53
