Car 0.0 0 -2.54 14.27 175.87 240.64 322.39 1.64 1.59 3.58 -0.62 0.91 0.83 -3.13 1.00
Car 0.0 0 -2.72 167.48 185.95 381.59 264.35 1.51 1.62 3.89 -0.48 0.82 0.91 3.13 1.00
Car 0.0 0 -2.87 277.08 184.65 432.81 248.93 1.56 1.62 4.00 -0.38 0.84 0.91 3.07 1.00
Car 0.0 0 -1.68 644.56 188.03 663.33 212.76 1.46 1.60 3.69 0.00 0.77 0.99 -1.62 0.99
Car 0.0 0 -2.68 90.84 194.29 355.56 287.70 1.49 1.60 3.87 -0.56 0.84 0.94 3.11 0.99
Car 0.0 0 -0.29 726.04 182.74 848.20 234.11 1.58 1.67 4.07 0.17 0.84 0.92 -0.05 0.99
Car 0.0 0 -0.35 813.20 196.20 976.35 260.78 1.47 1.60 3.88 0.31 0.81 0.92 0.03 0.99
Car 0.0 0 0.68 11.13 190.95 234.78 364.95 1.54 1.66 4.12 -0.60 0.89 0.80 0.09 0.99
Car 0.0 0 -0.46 910.41 189.77 1246.49 317.19 1.53 1.61 3.98 0.52 0.87 0.88 0.11 0.99
Car 0.0 0 -2.05 845.09 200.06 1241.04 369.27 1.42 1.54 3.72 0.46 0.85 0.87 -1.51 0.98
Car 0.0 0 0.26 304.30 174.09 453.09 243.83 1.70 1.64 3.71 -0.36 0.90 0.94 -0.05 0.98
Car 0.0 0 -1.71 634.84 185.46 641.07 200.12 1.42 1.59 3.67 -0.02 0.74 0.99 -1.67 0.97
Car 0.0 0 -0.44 860.74 191.47 1081.60 289.31 1.54 1.59 3.75 0.40 0.86 0.92 0.02 0.97
Car 0.0 0 -2.89 416.31 186.75 501.63 221.11 1.45 1.55 3.73 -0.25 0.76 0.90 -3.10 0.97
Car 0.0 0 3.30 442.09 187.37 514.05 215.06 1.40 1.58 4.04 -0.24 0.74 0.96 3.12 0.95
Car 0.0 0 2.79 757.83 188.94 896.54 243.63 1.54 1.70 4.05 0.22 0.82 0.93 3.08 0.94
Car 0.0 0 -0.41 798.02 190.50 919.80 244.45 1.58 1.60 3.90 0.27 0.85 0.96 -0.08 0.92
Cyclist 0.0 0 1.57 548.44 184.15 543.16 216.71 1.75 0.57 1.59 -0.15 0.91 0.97 1.48 0.99
