Car 0.0 0 1.88 349.26 190.56 454.74 257.94 1.49 1.62 3.95 -0.33 0.81 0.93 1.60 1.00
Car 0.0 0 -1.87 763.23 184.72 922.48 289.39 1.46 1.60 3.81 0.22 0.81 0.86 -1.56 1.00
Car 0.0 0 -2.04 872.59 191.51 1236.49 371.10 1.48 1.62 3.76 0.44 0.86 0.80 -1.48 1.00
Car 0.0 0 -1.79 726.63 181.30 813.20 251.59 1.52 1.59 3.79 0.14 0.81 0.88 -1.57 1.00
Car 0.0 0 1.95 210.00 196.76 395.35 308.15 1.47 1.60 3.94 -0.45 0.83 0.91 1.55 1.00
Car 0.0 0 2.24 13.29 205.84 256.55 372.36 1.51 1.64 3.92 -0.64 0.90 0.88 1.65 1.00
Car 0.0 0 -1.69 700.20 180.25 736.77 219.90 1.52 1.57 3.74 0.08 0.79 0.94 -1.54 1.00
Car 0.0 0 -1.72 715.91 179.92 767.14 230.33 1.51 1.56 3.64 0.11 0.80 0.94 -1.53 0.99
Car 0.0 0 1.75 498.74 181.88 530.08 212.58 1.44 1.61 3.89 -0.20 0.75 1.04 1.62 0.99
Car 0.0 0 -0.19 611.03 177.06 632.36 191.53 1.50 1.52 3.60 -0.04 0.76 0.94 -0.17 0.42
