Car 0.0 0 1.89 293.07 193.45 408.06 270.79 1.51 1.63 4.00 -0.40 0.83 0.94 1.55 1.00
Car 0.0 0 1.83 382.59 189.53 452.77 242.42 1.50 1.61 3.90 -0.31 0.81 0.94 1.57 1.00
Car 0.0 0 2.87 804.61 157.30 902.53 194.08 1.66 1.76 4.53 0.25 0.84 0.92 -3.08 1.00
Car 0.0 0 1.78 501.59 183.46 525.65 208.16 1.45 1.62 4.01 -0.19 0.76 0.96 1.65 1.00
Car 0.0 0 1.75 432.75 187.51 476.58 227.97 1.48 1.62 3.81 -0.27 0.79 0.95 1.54 1.00
Car 0.0 0 1.75 470.55 186.34 500.21 216.19 1.45 1.59 3.88 -0.24 0.77 1.02 1.57 0.99
Car 0.0 0 2.88 771.66 160.79 840.78 190.97 1.60 1.70 3.95 0.19 0.80 0.91 -3.14 0.99
Car 0.0 0 -1.64 678.71 173.55 700.13 203.17 1.46 1.62 3.74 0.04 0.75 0.92 -1.53 0.98
Car 0.0 0 -0.60 1046.56 144.31 1149.98 175.15 1.56 1.79 4.60 0.60 0.76 0.97 -0.00 0.98
Car 0.0 0 -0.74 10.43 229.53 107.29 372.65 1.35 1.59 3.74 -0.81 0.85 0.99 -1.39 0.98
Car 0.0 0 -0.64 1117.69 139.14 1224.58 172.46 1.55 1.78 4.47 0.69 0.76 0.96 0.02 0.98
Car 0.0 0 -0.74 1157.46 131.44 1239.06 173.10 1.54 1.78 4.25 0.70 0.74 0.93 -0.05 0.97
Car 0.0 0 -0.58 1076.75 140.12 1193.07 172.88 1.56 1.86 4.67 0.64 0.76 0.96 0.05 0.97
Car 0.0 0 -1.75 625.12 174.69 625.48 186.00 1.46 1.61 3.64 -0.04 0.74 0.99 -1.73 0.33
