Car 0.0 0 -1.28 274.93 187.53 440.16 302.39 1.48 1.63 3.87 -0.36 0.81 0.86 -1.62 1.00
Car 0.0 0 -1.00 39.57 183.69 244.88 282.50 1.48 1.59 3.81 -0.63 0.80 0.88 -1.58 1.00
Car 0.0 0 -1.78 715.93 190.08 816.16 268.61 1.40 1.55 3.65 0.14 0.76 0.91 -1.56 1.00
Car 0.0 0 -1.67 666.64 181.42 703.35 221.19 1.48 1.63 3.88 0.04 0.76 0.95 -1.56 1.00
Car 0.0 0 -1.41 449.57 180.84 505.20 230.76 1.38 1.61 3.84 -0.24 0.72 0.97 -1.59 1.00
Car 0.0 0 -1.30 394.64 185.06 431.97 216.31 1.49 1.58 3.83 -0.33 0.77 1.00 -1.57 1.00
Car 0.0 0 -1.43 492.32 184.72 525.94 217.49 1.44 1.59 3.92 -0.20 0.74 0.99 -1.56 0.99
Car 0.0 0 -1.48 538.02 185.00 545.04 200.03 1.38 1.61 3.56 -0.15 0.70 0.97 -1.57 0.99
Car 0.0 0 -1.61 627.46 179.90 631.58 196.94 1.49 1.61 3.76 -0.03 0.75 0.99 -1.58 0.98
Car 0.0 0 -1.41 446.11 179.61 477.48 213.66 1.48 1.61 3.85 -0.27 0.76 1.02 -1.61 0.92
Car 0.0 0 -1.59 638.99 180.98 643.49 198.13 1.48 1.60 3.67 -0.01 0.75 1.02 -1.54 0.91
Car 0.0 0 -1.56 595.56 181.44 599.77 197.56 1.49 1.66 3.76 -0.07 0.75 1.05 -1.57 0.89
Car 0.0 0 -1.22 295.54 190.32 371.22 236.42 1.43 1.61 3.71 -0.46 0.76 1.04 -1.58 0.53
