Car 0.0 0 -2.00 842.18 185.24 1163.50 369.86 1.50 1.60 3.86 0.39 0.87 0.82 -1.50 1.00
Car 0.0 0 1.91 257.12 195.80 411.47 293.61 1.46 1.58 3.79 -0.41 0.82 0.92 1.55 1.00
Car 0.0 0 1.85 372.27 189.81 462.91 250.75 1.43 1.60 3.87 -0.31 0.78 0.93 1.59 1.00
Car 0.0 0 -1.77 726.65 181.33 804.70 244.43 1.53 1.62 3.92 0.14 0.82 0.91 -1.56 1.00
Car 0.0 0 -1.83 755.95 182.89 896.14 281.62 1.48 1.62 4.04 0.20 0.81 0.85 -1.53 1.00
Car 0.0 0 2.19 11.19 205.44 298.21 371.98 1.46 1.64 4.02 -0.59 0.87 0.84 1.63 1.00
Car 0.0 0 1.74 503.61 181.99 532.66 210.98 1.47 1.60 3.85 -0.19 0.77 1.00 1.62 1.00
Car 0.0 0 -1.70 711.27 179.36 764.41 229.65 1.50 1.59 3.74 0.10 0.79 0.91 -1.53 0.99
Car 0.0 0 -2.55 1158.68 216.65 1231.47 370.59 1.50 1.60 3.66 0.73 0.91 0.97 -1.87 0.99
Car 0.0 0 -1.68 701.27 180.31 736.59 219.58 1.54 1.58 3.84 0.09 0.81 0.98 -1.53 0.99
Car 0.0 0 0.17 598.91 176.82 622.87 191.03 1.57 1.65 3.84 -0.06 0.80 0.90 0.17 0.69
