Car 0.0 0 -1.78 717.46 174.23 822.52 260.08 1.54 1.61 3.83 0.15 0.83 0.92 -1.56 1.00
Car 0.0 0 1.88 249.69 177.31 411.23 297.11 1.57 1.60 3.87 -0.42 0.87 0.94 1.51 1.00
Car 0.0 0 -1.74 690.44 171.51 760.56 230.25 1.48 1.60 3.98 0.09 0.78 0.94 -1.58 1.00
Car 0.0 0 1.79 390.92 174.51 476.14 251.56 1.57 1.57 3.85 -0.30 0.84 0.97 1.56 1.00
Car 0.0 0 2.15 10.12 213.08 291.13 371.77 1.44 1.63 3.97 -0.60 0.86 0.85 1.59 1.00
Car 0.0 0 -2.04 825.85 176.73 1235.13 370.79 1.56 1.63 3.77 0.42 0.89 0.82 -1.51 1.00
Car 0.0 0 -1.70 524.49 180.28 534.81 195.89 1.36 1.65 3.57 -0.17 0.70 0.95 -1.81 0.99
Car 0.0 0 1.46 654.76 168.74 677.13 201.20 1.56 1.57 3.91 0.01 0.80 0.93 1.54 0.99
Car 0.0 0 -1.78 590.26 177.02 598.03 190.50 1.37 1.57 3.58 -0.08 0.70 0.90 -1.80 0.98
Car 0.0 0 -1.65 635.10 175.32 641.18 192.62 1.48 1.56 3.53 -0.02 0.76 0.92 -1.61 0.97
Car 0.0 0 -1.85 616.23 176.37 627.62 191.19 1.41 1.53 3.63 -0.04 0.72 0.94 -1.83 0.95
Car 0.0 0 1.51 663.41 168.47 700.99 208.68 1.52 1.57 3.78 0.03 0.78 0.91 1.61 0.63
