Car 0.0 0 -1.78 716.69 187.34 839.34 285.33 1.48 1.58 3.78 0.15 0.82 0.89 -1.55 1.00
Car 0.0 0 -1.35 372.71 189.46 471.51 267.01 1.46 1.62 3.84 -0.30 0.80 0.92 -1.61 1.00
Car 0.0 0 -1.14 102.44 213.91 366.37 371.20 1.33 1.54 3.66 -0.53 0.82 0.91 -1.62 1.00
Car 0.0 0 -2.46 989.83 201.29 1232.15 370.07 1.48 1.62 3.76 0.58 0.88 0.92 -1.85 1.00
Car 0.0 0 -1.65 667.02 181.33 697.28 218.77 1.52 1.62 3.79 0.04 0.80 0.99 -1.55 1.00
Car 0.0 0 1.72 481.38 190.68 515.59 224.38 1.45 1.66 3.95 -0.21 0.78 1.00 1.57 0.99
Car 0.0 0 1.64 526.05 189.76 532.97 209.86 1.45 1.56 3.88 -0.17 0.76 0.96 1.53 0.99
Car 0.0 0 -1.59 644.29 181.35 647.69 196.74 1.50 1.66 3.76 -0.01 0.77 1.02 -1.54 0.94
Cyclist 0.0 0 1.65 589.68 182.41 581.42 201.56 1.71 0.69 1.86 -0.10 0.88 1.07 1.62 0.98
Cyclist 0.0 0 1.60 577.67 181.35 570.00 203.57 1.84 0.62 2.06 -0.11 0.95 1.07 1.55 0.92
