Car 0.0 0 1.75 377.88 203.82 474.92 284.58 1.49 1.64 3.91 -0.30 0.84 0.93 1.50 1.00
Car 0.0 0 -1.84 740.82 202.06 912.29 327.83 1.43 1.56 3.62 0.20 0.83 0.86 -1.54 1.00
Car 0.0 0 -1.78 681.53 199.38 786.95 281.28 1.47 1.60 3.89 0.09 0.82 0.87 -1.61 1.00
Car 0.0 0 -1.73 659.25 197.27 719.68 251.52 1.50 1.62 3.94 0.04 0.82 0.89 -1.62 1.00
Car 0.0 0 1.72 445.49 203.79 495.26 254.26 1.45 1.56 3.79 -0.24 0.80 0.94 1.53 1.00
Car 0.0 0 -2.25 922.67 223.28 1227.56 370.47 1.34 1.51 3.60 0.48 0.82 0.84 -1.68 0.99
Car 0.0 0 1.67 493.72 200.67 517.42 232.68 1.51 1.65 4.00 -0.20 0.82 0.98 1.52 0.99
Car 0.0 0 -1.88 587.35 198.20 592.40 210.09 1.40 1.59 3.61 -0.09 0.74 0.92 -1.91 0.99
Car 0.0 0 2.97 790.17 182.04 852.64 211.65 1.76 1.80 4.24 0.24 0.91 1.02 -3.03 0.98
Car 0.0 0 1.68 469.13 200.49 503.84 241.04 1.49 1.60 4.06 -0.22 0.81 0.92 1.51 0.97
Car 0.0 0 -1.78 625.02 197.14 633.71 211.91 1.44 1.66 3.79 -0.03 0.76 0.98 -1.75 0.95
