Car 0.0 0 -1.10 130.21 182.81 288.32 266.66 1.48 1.60 3.89 -0.56 0.79 0.89 -1.61 1.00
Car 0.0 0 -1.78 722.96 188.06 832.43 278.85 1.46 1.55 3.58 0.16 0.79 0.90 -1.54 1.00
Car 0.0 0 -1.28 288.40 186.14 442.18 296.31 1.48 1.63 3.86 -0.36 0.81 0.88 -1.61 1.00
Car 0.0 0 -1.68 672.51 183.54 714.32 225.75 1.45 1.62 3.85 0.05 0.75 0.90 -1.56 1.00
Car 0.0 0 -1.42 453.77 181.15 509.14 229.61 1.40 1.62 3.96 -0.23 0.73 0.97 -1.59 1.00
Car 0.0 0 -1.34 401.94 185.63 432.23 215.72 1.46 1.55 3.68 -0.31 0.75 0.95 -1.60 1.00
Car 0.0 0 -1.43 492.72 184.36 525.82 217.31 1.46 1.58 3.92 -0.19 0.75 0.96 -1.56 0.99
Car 0.0 0 -1.64 645.66 182.51 653.12 202.10 1.44 1.54 3.70 -0.00 0.73 0.99 -1.58 0.98
Car 0.0 0 -1.60 630.92 179.58 635.58 197.66 1.48 1.63 3.86 -0.02 0.74 0.98 -1.56 0.98
Car 0.0 0 -1.41 451.39 181.18 471.43 204.67 1.48 1.63 3.88 -0.27 0.75 1.05 -1.61 0.97
Car 0.0 0 -1.52 539.48 184.18 544.14 200.27 1.41 1.59 3.55 -0.15 0.71 0.95 -1.61 0.97
Car 0.0 0 -1.55 597.90 180.06 603.71 199.26 1.53 1.67 3.78 -0.07 0.77 1.02 -1.56 0.88
