Car 0.0 0 -1.95 801.45 182.13 1099.53 365.30 1.51 1.61 3.78 0.33 0.87 0.83 -1.50 1.00
Car 0.0 0 2.17 12.29 207.68 272.93 369.88 1.44 1.60 3.94 -0.61 0.86 0.84 1.60 1.00
Car 0.0 0 1.92 237.07 197.08 376.90 283.93 1.48 1.59 3.95 -0.45 0.83 0.92 1.52 1.00
Car 0.0 0 1.87 399.76 188.01 470.01 236.62 1.50 1.64 3.97 -0.28 0.80 0.92 1.63 1.00
Car 0.0 0 1.33 712.25 183.19 803.54 250.64 1.46 1.60 3.99 0.11 0.78 0.83 1.53 1.00
Car 0.0 0 -2.49 1028.95 206.83 1233.47 371.80 1.46 1.62 3.84 0.61 0.88 0.93 -1.87 1.00
Car 0.0 0 -1.77 688.30 183.99 747.29 231.95 1.50 1.64 3.97 0.07 0.79 0.88 -1.62 1.00
Car 0.0 0 -1.73 666.64 180.72 697.98 213.06 1.52 1.61 3.79 0.04 0.79 0.96 -1.63 0.99
Car 0.0 0 -2.73 530.56 177.39 560.97 191.77 1.50 1.62 3.77 -0.15 0.77 0.99 -2.82 0.99
Car 0.0 0 1.67 493.50 182.97 517.05 209.73 1.50 1.63 3.91 -0.20 0.78 0.98 1.53 0.99
