Car 0.0 0 -1.77 716.82 179.78 839.06 277.01 1.52 1.61 3.83 0.15 0.83 0.88 -1.54 1.00
Car 0.0 0 1.79 409.09 186.74 481.89 246.01 1.51 1.61 3.96 -0.27 0.81 0.93 1.57 1.00
Car 0.0 0 -2.11 867.26 183.00 1241.96 372.43 1.53 1.60 3.65 0.45 0.89 0.83 -1.56 1.00
Car 0.0 0 -1.67 672.63 177.91 706.21 215.03 1.54 1.64 3.92 0.05 0.80 0.96 -1.56 1.00
Car 0.0 0 1.73 458.30 181.47 504.82 227.46 1.53 1.61 3.96 -0.23 0.80 0.95 1.55 1.00
Car 0.0 0 -1.73 691.19 178.66 759.90 238.59 1.50 1.63 3.99 0.09 0.80 0.91 -1.57 1.00
Car 0.0 0 0.60 65.17 189.98 267.05 260.49 1.49 1.60 4.03 -0.61 0.81 0.89 0.05 1.00
Car 0.0 0 1.72 493.29 177.97 527.62 216.87 1.63 1.63 3.97 -0.20 0.85 1.01 1.58 1.00
Car 0.0 0 -1.67 547.04 182.27 551.83 193.95 1.38 1.65 3.66 -0.14 0.71 0.95 -1.75 0.98
Car 0.0 0 -2.78 1176.39 214.88 1227.48 372.05 1.46 1.58 3.84 0.79 0.90 1.03 -2.10 0.96
Car 0.0 0 -1.64 655.23 174.80 667.82 201.39 1.57 1.64 3.89 0.01 0.81 0.98 -1.57 0.89
Car 0.0 0 -2.17 594.85 180.10 601.32 188.43 1.50 1.60 3.44 -0.07 0.76 0.93 -2.19 0.36
