Car 0.0 0 -2.43 13.36 199.09 143.41 356.62 1.49 1.62 3.93 -0.71 0.87 0.88 -3.07 1.00
Car 0.0 0 -1.72 716.48 189.90 807.58 269.00 1.48 1.60 3.67 0.14 0.81 0.93 -1.51 1.00
Car 0.0 0 0.53 16.93 197.66 323.93 308.76 1.48 1.62 3.91 -0.59 0.83 0.86 -0.02 1.00
Car 0.0 0 -0.19 782.77 181.47 926.06 235.93 1.51 1.62 3.97 0.24 0.80 0.89 0.14 1.00
Car 0.0 0 0.40 153.25 188.48 395.85 284.65 1.53 1.60 3.67 -0.49 0.84 0.92 -0.03 1.00
Car 0.0 0 -2.87 343.69 184.62 468.99 232.43 1.53 1.62 3.91 -0.32 0.81 0.93 3.14 1.00
Car 0.0 0 -0.18 702.60 179.29 780.99 213.00 1.60 1.65 4.11 0.11 0.83 0.93 0.00 1.00
Car 0.0 0 0.42 245.69 178.07 439.74 257.04 1.66 1.62 3.88 -0.41 0.89 0.93 0.06 0.99
Car 0.0 0 -2.88 278.22 182.23 431.79 243.41 1.66 1.60 3.65 -0.38 0.88 0.91 3.06 0.99
Car 0.0 0 -3.03 400.46 180.15 500.45 221.23 1.63 1.70 4.23 -0.26 0.85 0.89 3.04 0.99
Car 0.0 0 -1.68 649.30 183.83 657.36 200.76 1.35 1.63 3.57 -0.00 0.70 0.96 -1.62 0.98
Car 0.0 0 0.20 411.00 170.65 513.03 216.25 1.88 1.78 4.50 -0.26 0.97 0.97 0.00 0.97
Cyclist 0.0 0 1.62 574.36 180.85 565.24 203.23 1.73 0.57 1.71 -0.12 0.89 1.02 1.57 0.99
