Car 0.0 0 -1.69 644.15 183.28 686.57 225.91 1.48 1.60 3.87 0.02 0.78 0.97 -1.62 1.00
Car 0.0 0 0.75 13.99 154.25 167.69 360.94 1.71 1.71 4.34 -0.67 0.95 0.84 0.13 1.00
Car 0.0 0 -0.59 875.93 181.48 1233.67 334.23 1.50 1.64 4.03 0.50 0.85 0.90 -0.03 1.00
Car 0.0 0 2.36 1043.06 180.85 1234.62 366.66 1.50 1.69 4.26 0.60 0.88 0.90 3.00 1.00
Car 0.0 0 -1.64 626.67 180.19 641.26 204.10 1.53 1.65 3.85 -0.03 0.79 0.96 -1.61 0.99
Car 0.0 0 0.22 433.53 183.68 490.87 208.10 1.56 1.67 4.03 -0.25 0.81 0.92 0.01 0.99
Car 0.0 0 3.45 231.33 185.43 414.64 247.22 1.45 1.64 4.23 -0.42 0.78 0.90 3.07 0.99
Car 0.0 0 3.43 304.40 186.17 437.72 238.22 1.53 1.59 3.75 -0.36 0.81 0.90 3.11 0.99
Car 0.0 0 -0.50 848.11 168.03 1133.58 290.83 1.65 1.65 3.84 0.41 0.90 0.89 -0.01 0.97
Cyclist 0.0 0 1.78 411.25 183.99 442.54 273.72 1.73 0.61 1.69 -0.30 0.94 0.96 1.53 1.00
