Car 0.0 0 -1.93 804.52 197.42 1040.62 342.71 1.42 1.61 3.85 0.32 0.83 0.87 -1.52 1.00
Car 0.0 0 -1.80 752.42 192.62 860.82 272.64 1.48 1.60 3.88 0.19 0.81 0.90 -1.54 1.00
Car 0.0 0 1.80 464.43 192.24 522.63 240.23 1.48 1.62 3.84 -0.22 0.80 0.97 1.64 1.00
Car 0.0 0 3.27 1065.09 176.94 1235.95 265.15 1.52 1.62 4.02 0.61 0.82 0.89 -2.37 1.00
Car 0.0 0 0.36 207.32 193.49 315.91 231.31 1.59 1.65 4.34 -0.54 0.85 0.98 -0.09 1.00
Car 0.0 0 -1.57 702.69 182.33 717.54 210.14 1.66 1.66 3.89 0.08 0.86 1.00 -1.43 0.99
Car 0.0 0 1.79 610.22 189.72 617.19 201.67 1.35 1.56 3.84 -0.05 0.70 0.97 1.79 0.99
Car 0.0 0 1.73 530.39 194.61 554.88 221.18 1.49 1.60 3.86 -0.15 0.79 0.95 1.63 0.99
Car 0.0 0 1.73 503.68 193.80 540.52 229.52 1.52 1.64 3.98 -0.17 0.81 0.94 1.61 0.98
Car 0.0 0 1.70 550.06 192.83 567.48 215.91 1.50 1.62 4.01 -0.13 0.79 0.96 1.63 0.93
