Car 0.0 0 0.60 11.11 191.28 306.26 330.61 1.56 1.63 3.76 -0.57 0.88 0.81 0.04 1.00
Car 0.0 0 -1.79 743.84 190.60 893.19 306.69 1.48 1.56 3.66 0.19 0.83 0.86 -1.51 1.00
Car 0.0 0 -0.18 716.10 177.94 800.51 214.93 1.57 1.65 4.08 0.13 0.82 0.93 0.02 1.00
Car 0.0 0 0.44 133.47 181.68 391.76 275.66 1.62 1.68 4.11 -0.50 0.88 0.92 -0.01 1.00
Car 0.0 0 -0.31 813.49 178.73 1007.17 253.82 1.52 1.60 3.73 0.31 0.81 0.89 0.08 1.00
Car 0.0 0 -2.72 213.90 180.28 382.68 252.52 1.62 1.56 3.26 -0.45 0.86 0.90 -3.12 1.00
Car 0.0 0 3.33 453.01 180.78 519.89 210.76 1.51 1.66 4.07 -0.21 0.78 0.88 -3.12 0.99
Car 0.0 0 -2.96 362.40 178.26 474.53 224.07 1.56 1.63 4.08 -0.31 0.82 0.94 3.07 0.99
Car 0.0 0 0.74 14.83 192.33 175.11 370.72 1.52 1.61 3.98 -0.68 0.89 0.87 0.12 0.99
Car 0.0 0 -2.85 289.21 180.96 443.36 244.10 1.60 1.64 3.86 -0.37 0.85 0.93 3.11 0.99
Car 0.0 0 -1.68 647.65 182.64 659.52 202.57 1.47 1.63 3.70 -0.00 0.76 0.97 -1.62 0.99
Car 0.0 0 0.61 57.82 181.42 331.88 301.57 1.57 1.58 3.60 -0.56 0.87 0.87 0.09 0.97
Car 0.0 0 0.23 379.62 172.13 490.32 221.47 1.80 1.81 4.29 -0.28 0.93 0.92 -0.01 0.96
Cyclist 0.0 0 1.55 566.48 180.04 558.12 204.40 1.73 0.59 1.70 -0.13 0.89 1.00 1.49 0.96
