Car 0.0 0 -1.94 798.74 184.84 1046.29 339.54 1.46 1.61 3.78 0.31 0.83 0.86 -1.53 1.00
Car 0.0 0 1.81 443.35 183.31 495.79 225.44 1.48 1.61 3.85 -0.25 0.79 0.99 1.61 1.00
Car 0.0 0 -1.81 749.00 181.05 863.06 268.34 1.50 1.60 3.82 0.17 0.81 0.86 -1.54 1.00
Car 0.0 0 2.09 21.58 197.91 335.26 356.93 1.49 1.62 4.07 -0.58 0.87 0.86 1.55 1.00
Car 0.0 0 -2.23 947.72 200.68 1234.44 369.52 1.45 1.59 3.65 0.50 0.86 0.83 -1.64 1.00
Car 0.0 0 -1.70 708.20 178.04 751.32 223.04 1.55 1.60 3.81 0.10 0.81 0.95 -1.53 1.00
Car 0.0 0 1.73 480.22 182.44 516.42 216.84 1.44 1.66 3.96 -0.21 0.76 0.96 1.57 1.00
Car 0.0 0 -1.75 717.79 180.42 783.89 236.94 1.50 1.60 3.83 0.12 0.79 0.92 -1.55 1.00
Car 0.0 0 2.41 10.55 223.89 82.88 371.22 1.46 1.65 3.92 -0.84 0.90 1.00 1.75 0.99
Car 0.0 0 1.91 607.40 176.77 619.74 191.10 1.41 1.59 3.79 -0.05 0.72 0.92 1.92 0.94
Car 0.0 0 -2.13 667.72 176.28 687.43 192.04 1.51 1.64 3.65 0.03 0.77 0.93 -2.03 0.79
