Car 0.0 0 -1.94 765.05 184.40 1047.44 363.43 1.49 1.59 3.71 0.28 0.85 0.82 -1.54 1.00
Car 0.0 0 -1.21 144.15 190.56 372.03 332.77 1.48 1.61 3.82 -0.48 0.83 0.87 -1.66 1.00
Car 0.0 0 -1.39 408.88 190.04 473.43 243.19 1.47 1.64 3.97 -0.27 0.78 0.91 -1.62 1.00
Car 0.0 0 -1.59 585.50 183.08 609.01 218.10 1.58 1.67 3.82 -0.07 0.81 0.97 -1.61 1.00
Car 0.0 0 -1.44 466.93 190.10 503.41 227.23 1.45 1.58 3.78 -0.22 0.75 0.92 -1.61 1.00
Car 0.0 0 -0.85 8.87 197.63 67.06 316.79 1.41 1.63 3.94 -0.85 0.81 1.00 -1.52 0.99
Car 0.0 0 -1.06 107.11 177.45 256.37 258.07 1.55 1.64 3.94 -0.62 0.82 0.94 -1.59 0.99
Car 0.0 0 -1.47 515.50 186.93 526.84 205.94 1.41 1.59 3.62 -0.17 0.72 0.95 -1.59 0.99
Car 0.0 0 -1.62 631.23 184.94 634.99 201.48 1.45 1.65 3.74 -0.02 0.74 0.98 -1.58 0.98
Car 0.0 0 -1.18 269.73 182.93 350.44 228.01 1.48 1.60 3.90 -0.51 0.77 1.08 -1.57 0.89
Car 0.0 0 -1.30 397.43 185.07 446.41 224.45 1.45 1.58 3.79 -0.34 0.75 1.07 -1.55 0.83
