Pedestrian 0.0 0 -1.85 939.18 140.06 991.58 317.42 1.81 0.84 0.97 0.47 0.98 1.04 -1.38 1.00
Pedestrian 0.0 0 1.77 413.68 162.19 450.81 303.17 1.74 0.69 0.86 -0.28 0.94 0.95 1.54 0.99
Pedestrian 0.0 0 -0.94 600.68 168.84 624.76 278.07 1.68 0.69 0.95 -0.04 0.90 1.01 -0.93 0.99
Pedestrian 0.0 0 -2.82 145.13 159.42 192.11 313.17 1.83 0.68 0.96 -0.74 1.00 1.12 2.92 0.99
Pedestrian 0.0 0 1.34 805.44 144.48 845.87 296.25 1.80 0.65 0.81 0.23 0.95 0.93 1.64 0.99
Pedestrian 0.0 0 -1.64 542.14 172.37 538.04 219.14 1.74 0.78 0.90 -0.14 0.89 1.00 -1.73 0.98
Pedestrian 0.0 0 -1.58 565.64 173.47 564.14 226.06 1.73 0.76 0.97 -0.11 0.89 0.95 -1.62 0.91
Pedestrian 0.0 0 1.03 355.95 184.25 381.23 280.63 1.69 0.70 1.05 -0.37 0.91 0.96 0.72 0.37
Cyclist 0.0 0 1.75 481.44 172.40 517.87 276.78 1.67 0.66 1.69 -0.21 0.90 1.04 1.61 1.00
Cyclist 0.0 0 1.08 351.23 183.80 379.59 280.94 1.71 0.70 1.25 -0.37 0.92 0.96 0.77 0.22
