Car 0.0 0 -1.90 643.15 197.27 809.09 302.32 1.37 1.56 3.76 0.09 0.78 0.91 -1.74 1.00
Car 0.0 0 1.93 33.08 212.59 236.05 342.09 1.37 1.53 3.57 -0.66 0.82 0.91 1.34 1.00
Car 0.0 0 -2.90 726.73 173.98 822.35 213.30 1.69 1.63 4.18 0.16 0.87 0.95 -2.67 1.00
Car 0.0 0 -2.86 664.07 180.57 748.60 213.10 1.51 1.49 3.93 0.07 0.79 0.98 -2.72 1.00
Car 0.0 0 -1.70 542.68 191.75 579.76 231.75 1.50 1.61 3.62 -0.12 0.80 0.89 -1.77 0.99
Car 0.0 0 -1.64 530.59 189.70 552.82 219.81 1.51 1.62 3.79 -0.16 0.80 1.02 -1.73 0.99
Car 0.0 0 -1.56 511.17 183.98 516.90 201.14 1.51 1.67 3.78 -0.19 0.78 0.99 -1.69 0.98
Car 0.0 0 1.75 357.81 195.26 383.52 220.06 1.46 1.64 3.81 -0.39 0.78 0.99 1.43 0.98
Car 0.0 0 -1.88 874.30 106.30 1242.71 359.62 1.85 1.70 4.41 0.53 1.00 0.94 -1.32 0.75
Car 0.0 0 1.76 444.02 190.01 446.63 202.06 1.41 1.51 3.68 -0.29 0.74 1.01 1.54 0.48
