Car 0.0 0 -1.78 712.63 194.27 811.34 271.84 1.49 1.60 3.83 0.14 0.82 0.93 -1.58 1.00
Car 0.0 0 -1.90 738.04 196.00 962.41 335.58 1.45 1.63 4.00 0.23 0.83 0.86 -1.57 1.00
Car 0.0 0 1.89 261.41 212.75 446.81 340.82 1.39 1.52 3.63 -0.39 0.83 0.93 1.55 1.00
Car 0.0 0 1.75 391.62 202.77 477.50 277.55 1.49 1.62 3.93 -0.29 0.83 0.94 1.51 1.00
Car 0.0 0 1.71 450.29 198.98 514.51 256.88 1.49 1.67 4.09 -0.23 0.82 0.94 1.53 1.00
Car 0.0 0 -1.74 693.34 192.82 751.29 247.37 1.49 1.57 3.74 0.09 0.80 0.93 -1.58 1.00
Car 0.0 0 -2.19 882.75 198.47 1235.12 372.20 1.46 1.58 3.69 0.48 0.86 0.87 -1.64 1.00
Car 0.0 0 2.14 10.02 220.34 322.87 373.64 1.40 1.58 3.83 -0.60 0.85 0.88 1.58 1.00
Car 0.0 0 -1.83 651.35 193.76 671.85 214.25 1.47 1.61 3.72 0.01 0.77 0.91 -1.75 1.00
Car 0.0 0 2.82 882.67 169.96 1001.77 224.30 1.78 1.67 3.47 0.38 0.92 0.96 -3.03 0.99
Car 0.0 0 2.50 569.93 193.51 594.15 205.82 1.47 1.58 3.97 -0.09 0.77 0.87 2.46 0.94
Car 0.0 0 -1.83 608.35 193.82 620.10 208.12 1.43 1.61 3.66 -0.05 0.76 1.02 -1.82 0.92
Cyclist 0.0 0 1.98 535.85 190.34 531.51 210.37 1.69 0.59 1.58 -0.17 0.89 1.06 1.88 0.99
