Car 0.0 0 -1.81 719.65 173.84 862.35 291.38 1.62 1.63 3.68 0.16 0.88 0.88 -1.56 1.00
Car 0.0 0 0.58 20.87 178.76 336.33 296.40 1.57 1.65 4.07 -0.56 0.86 0.83 0.04 1.00
Car 0.0 0 -1.66 671.97 181.20 707.66 219.93 1.44 1.61 3.64 0.05 0.76 0.94 -1.55 1.00
Car 0.0 0 -2.34 934.79 223.46 1232.04 372.09 1.40 1.55 3.64 0.55 0.86 0.92 -1.76 1.00
Car 0.0 0 0.28 341.16 179.03 465.36 231.36 1.51 1.61 3.78 -0.33 0.80 0.93 -0.00 1.00
Car 0.0 0 0.44 143.96 173.91 380.65 268.66 1.66 1.64 3.86 -0.50 0.89 0.92 -0.01 0.99
Car 0.0 0 -2.70 205.18 166.25 376.53 251.46 1.88 1.63 3.23 -0.47 0.99 0.93 -3.11 0.99
Car 0.0 0 0.16 460.37 166.90 520.95 193.87 1.66 1.74 4.16 -0.22 0.84 0.97 -0.01 0.99
Car 0.0 0 0.23 383.76 178.27 485.98 223.42 1.57 1.63 3.76 -0.29 0.82 0.94 -0.00 0.99
Car 0.0 0 -2.77 254.66 183.90 399.14 241.20 1.50 1.59 3.63 -0.42 0.80 0.93 3.14 0.99
Car 0.0 0 -1.69 638.68 176.68 644.07 191.45 1.36 1.63 3.58 -0.02 0.69 0.97 -1.65 0.98
Cyclist 0.0 0 1.61 583.71 173.28 571.92 187.77 1.71 0.56 1.63 -0.11 0.87 1.07 1.57 0.96
