Car 0.0 0 -0.71 902.53 175.77 1238.92 378.78 1.54 1.62 3.86 0.51 0.90 0.89 -0.14 1.00
Car 0.0 0 -2.48 14.33 194.90 207.53 303.30 1.43 1.60 3.88 -0.66 0.81 0.87 -3.08 1.00
Car 0.0 0 -2.80 191.94 181.91 365.55 243.06 1.51 1.65 4.21 -0.49 0.81 0.93 3.05 1.00
Car 0.0 0 0.53 34.00 180.29 283.29 277.08 1.57 1.62 3.87 -0.61 0.85 0.87 -0.03 1.00
Car 0.0 0 -0.36 716.78 185.30 871.16 247.70 1.48 1.60 3.71 0.17 0.79 0.89 -0.11 1.00
Car 0.0 0 -1.83 465.73 179.71 482.20 196.91 1.49 1.64 3.73 -0.24 0.76 0.95 -2.02 0.99
Car 0.0 0 3.30 263.96 175.10 388.11 225.83 1.60 1.62 3.98 -0.43 0.84 0.94 2.93 0.99
Car 0.0 0 -0.31 689.91 185.12 820.32 239.13 1.50 1.59 3.87 0.13 0.80 0.93 -0.12 0.99
Car 0.0 0 3.23 323.22 174.60 394.12 210.91 1.61 1.64 3.79 -0.38 0.83 0.91 2.90 0.98
Car 0.0 0 -1.88 442.16 181.79 451.09 193.90 1.45 1.59 3.51 -0.26 0.74 0.89 -2.11 0.51
