Pedestrian 0.0 0 2.90 884.84 166.79 878.27 193.15 1.80 0.56 0.99 0.32 0.91 0.99 -3.02 0.98
Car 0.0 0 3.07 312.07 174.51 386.98 201.95 1.57 1.75 4.59 -0.41 0.80 0.97 2.72 1.00
Car 0.0 0 2.44 29.33 181.10 158.16 227.07 1.56 1.69 4.50 -0.70 0.82 0.89 1.82 1.00
Car 0.0 0 -1.87 843.88 167.24 863.13 185.96 1.61 1.77 3.98 0.27 0.81 0.96 -1.54 0.99
Car 0.0 0 2.44 16.98 189.12 91.95 227.05 1.47 1.62 4.25 -0.82 0.78 0.98 1.79 0.99
Car 0.0 0 2.84 785.16 174.79 835.47 194.24 1.52 1.66 4.11 0.20 0.77 0.92 3.11 0.98
Car 0.0 0 -2.08 1084.57 165.10 1126.34 186.60 1.53 1.62 4.14 0.60 0.77 0.96 -1.48 0.95
Car 0.0 0 1.56 1017.45 161.68 1050.31 183.90 1.59 1.66 3.94 0.50 0.79 0.94 2.09 0.89
Car 0.0 0 -1.09 241.14 172.84 291.03 196.71 1.51 1.63 3.87 -0.58 0.77 1.09 -1.53 0.28
Car 0.0 0 -2.09 1029.37 166.09 1072.47 186.01 1.41 1.52 3.57 0.51 0.71 0.93 -1.54 0.22
