Car 0.0 0 0.59 7.64 157.55 309.63 301.08 1.70 1.68 4.11 -0.57 0.91 0.81 0.03 1.00
Car 0.0 0 -0.73 1090.25 183.59 1226.94 371.33 1.45 1.57 3.53 0.65 0.86 0.93 -0.08 1.00
Car 0.0 0 2.66 827.51 174.42 1065.49 267.23 1.57 1.60 4.04 0.33 0.84 0.83 3.09 1.00
Car 0.0 0 3.32 376.67 175.42 490.70 225.14 1.59 1.60 3.93 -0.29 0.83 0.94 3.08 1.00
Car 0.0 0 -2.77 303.03 182.45 445.49 236.13 1.51 1.62 3.79 -0.37 0.80 0.94 -3.08 1.00
Car 0.0 0 -1.76 659.34 160.03 729.87 226.47 1.64 1.63 3.75 0.06 0.85 0.98 -1.64 1.00
Car 0.0 0 -1.68 642.76 166.27 672.69 204.25 1.61 1.64 4.04 0.01 0.82 1.01 -1.62 0.99
Car 0.0 0 3.28 453.20 178.57 511.22 204.86 1.53 1.68 4.01 -0.21 0.79 0.86 3.10 0.99
Car 0.0 0 0.38 509.88 174.72 549.45 193.90 1.56 1.67 4.19 -0.16 0.79 0.90 0.27 0.96
Car 0.0 0 -2.68 107.78 189.74 329.69 267.72 1.38 1.55 3.80 -0.55 0.76 0.91 3.10 0.96
