Car 0.0 0 1.76 441.45 175.32 506.73 235.15 1.55 1.61 3.86 -0.23 0.82 0.91 1.58 1.00
Car 0.0 0 1.94 190.03 172.83 431.78 333.28 1.58 1.61 3.91 -0.43 0.89 0.88 1.55 1.00
Car 0.0 0 -2.39 967.24 220.88 1231.08 372.57 1.35 1.54 3.61 0.53 0.83 0.86 -1.79 1.00
Car 0.0 0 1.42 690.26 178.68 744.67 229.03 1.59 1.70 4.28 0.07 0.83 0.87 1.57 1.00
Car 0.0 0 1.71 499.23 175.67 537.24 215.92 1.51 1.67 4.03 -0.18 0.78 0.94 1.58 1.00
Car 0.0 0 2.34 11.53 201.90 322.19 369.32 1.48 1.68 4.19 -0.59 0.88 0.87 1.79 1.00
Car 0.0 0 1.26 756.70 197.76 1058.39 371.18 1.43 1.58 3.97 0.25 0.83 0.75 1.65 1.00
Car 0.0 0 -1.68 661.69 172.21 676.56 196.30 1.46 1.61 3.58 0.02 0.74 0.94 -1.59 0.94
Car 0.0 0 1.74 577.13 171.26 578.91 181.87 1.48 1.60 3.82 -0.10 0.75 0.96 1.70 0.86
Car 0.0 0 -1.64 650.84 166.42 658.51 185.92 1.60 1.67 3.88 0.00 0.81 1.03 -1.58 0.58
