Car 0.0 0 1.92 346.46 189.08 441.66 250.96 1.50 1.61 4.01 -0.34 0.81 0.94 1.63 1.00
Car 0.0 0 2.09 27.86 201.05 297.31 344.96 1.47 1.58 3.89 -0.59 0.86 0.85 1.54 1.00
Car 0.0 0 -2.25 941.64 183.21 1232.18 371.97 1.51 1.58 3.59 0.48 0.88 0.82 -1.67 1.00
Car 0.0 0 1.31 740.37 182.29 865.53 273.67 1.50 1.60 3.98 0.16 0.81 0.80 1.57 1.00
Car 0.0 0 -1.78 700.90 178.62 776.56 238.90 1.52 1.63 3.88 0.11 0.81 0.94 -1.60 1.00
Car 0.0 0 1.67 476.20 179.45 502.99 212.31 1.55 1.62 3.86 -0.22 0.80 0.93 1.51 1.00
Car 0.0 0 -1.71 676.62 178.19 711.83 214.98 1.52 1.61 3.75 0.05 0.79 0.93 -1.59 0.99
Car 0.0 0 1.73 497.57 180.54 514.56 203.67 1.49 1.58 3.75 -0.19 0.77 0.93 1.59 0.98
Car 0.0 0 -2.70 503.26 175.85 533.50 192.60 1.50 1.59 3.69 -0.18 0.76 0.92 -2.82 0.97
Car 0.0 0 -1.76 669.31 180.67 695.95 210.63 1.57 1.59 3.90 0.04 0.81 0.97 -1.66 0.94
