Pedestrian 0.0 0 2.61 351.64 181.25 385.44 316.40 1.71 0.70 0.91 -0.39 0.95 1.02 2.30 1.00
Pedestrian 0.0 0 1.29 931.55 165.83 973.11 314.23 1.67 0.67 0.75 0.40 0.91 0.94 1.74 0.99
Pedestrian 0.0 0 -1.74 730.61 184.81 750.39 295.15 1.78 0.81 0.92 0.14 0.97 1.02 -1.55 0.99
Pedestrian 0.0 0 -1.63 778.07 174.23 815.21 329.59 1.76 0.84 1.02 0.21 0.98 0.98 -1.37 0.99
Pedestrian 0.0 0 1.09 989.84 164.59 1036.30 316.30 1.66 0.67 0.80 0.49 0.91 0.96 1.61 0.99
Pedestrian 0.0 0 -1.71 659.84 173.75 668.52 248.96 1.76 0.83 0.95 0.03 0.92 0.98 -1.62 0.99
Pedestrian 0.0 0 -1.66 708.46 183.79 723.72 281.97 1.75 0.78 0.89 0.11 0.95 1.03 -1.50 0.98
Pedestrian 0.0 0 1.94 256.81 181.91 289.71 315.25 1.64 0.68 0.87 -0.51 0.91 0.98 1.52 0.98
Pedestrian 0.0 0 -1.89 801.03 166.12 814.06 249.49 1.79 0.82 0.94 0.24 0.94 1.03 -1.61 0.95
Pedestrian 0.0 0 -1.84 786.24 170.93 806.93 277.97 1.71 0.77 0.92 0.22 0.92 1.03 -1.57 0.92
Car 0.0 0 1.65 557.94 185.80 585.97 222.16 1.45 1.64 4.12 -0.10 0.76 0.99 1.61 1.00
