Pedestrian 0.0 0 -1.77 686.25 160.20 728.67 327.86 1.82 0.89 0.97 0.09 1.00 1.02 -1.63 1.00
Pedestrian 0.0 0 -1.29 213.84 167.06 260.12 338.44 1.78 0.71 0.92 -0.59 1.00 1.05 -1.76 1.00
Pedestrian 0.0 0 -1.69 625.77 166.23 664.88 322.40 1.78 0.83 0.95 0.00 0.98 1.00 -1.63 0.99
Pedestrian 0.0 0 -1.58 760.00 165.91 767.35 241.24 1.72 0.74 0.82 0.18 0.89 1.04 -1.36 0.98
Pedestrian 0.0 0 -1.89 735.55 163.56 744.36 234.93 1.80 0.77 0.97 0.14 0.93 1.04 -1.69 0.96
Car 0.0 0 1.66 490.97 172.47 516.19 210.01 1.58 1.65 4.00 -0.19 0.81 0.93 1.53 0.98
Car 0.0 0 -1.52 554.91 173.81 565.44 193.70 1.49 1.64 3.92 -0.12 0.75 1.02 -1.58 0.21
Cyclist 0.0 0 1.86 340.46 174.03 420.45 339.39 1.66 0.66 1.66 -0.36 0.94 0.98 1.56 0.99
Cyclist 0.0 0 1.73 420.04 167.29 460.21 274.15 1.70 0.66 1.76 -0.28 0.91 0.99 1.51 0.99
Cyclist 0.0 0 2.20 12.07 148.29 190.39 364.90 1.83 0.61 1.89 -0.74 1.02 0.98 1.59 0.96
