Car 0.0 0 -2.49 10.38 176.92 179.25 346.48 1.61 1.63 3.83 -0.67 0.91 0.85 -3.11 1.00
Car 0.0 0 -0.80 1082.77 188.70 1226.57 366.89 1.45 1.61 3.74 0.64 0.86 0.92 -0.15 1.00
Car 0.0 0 0.55 8.51 156.51 277.36 309.74 1.86 1.74 4.16 -0.61 1.00 0.84 -0.03 1.00
Car 0.0 0 2.48 909.38 184.60 1232.39 330.46 1.52 1.63 4.08 0.48 0.86 0.84 3.05 1.00
Car 0.0 0 -0.47 816.44 182.64 1108.89 291.87 1.51 1.69 4.07 0.36 0.83 0.86 -0.01 1.00
Car 0.0 0 -2.84 293.11 183.10 439.17 235.47 1.50 1.64 4.20 -0.38 0.80 0.96 3.12 0.99
Car 0.0 0 -1.69 642.57 182.87 679.83 219.98 1.46 1.60 3.88 0.01 0.77 0.99 -1.62 0.99
Car 0.0 0 3.39 340.78 185.70 456.08 230.43 1.50 1.60 3.83 -0.33 0.79 0.91 3.10 0.98
Car 0.0 0 -1.65 628.39 181.14 640.01 202.59 1.52 1.62 3.73 -0.03 0.78 0.93 -1.62 0.98
Car 0.0 0 -0.44 799.06 170.62 1030.64 272.21 1.67 1.66 3.84 0.32 0.90 0.90 -0.04 0.97
Cyclist 0.0 0 1.74 462.11 179.84 478.25 247.27 1.74 0.62 1.69 -0.25 0.92 0.97 1.55 0.99
