Car 0.0 0 -1.93 491.85 211.51 705.06 343.28 1.39 1.57 3.78 -0.07 0.82 0.86 -1.95 1.00
Car 0.0 0 -1.79 437.13 212.82 542.74 294.17 1.41 1.55 3.65 -0.21 0.81 0.91 -1.96 1.00
Car 0.0 0 1.66 137.39 209.35 194.56 271.57 1.50 1.59 3.84 -0.61 0.84 0.89 1.11 1.00
Car 0.0 0 -1.73 379.26 206.55 455.87 273.56 1.46 1.60 3.79 -0.30 0.81 0.91 -1.99 1.00
Car 0.0 0 1.78 23.32 226.41 149.96 327.35 1.44 1.56 3.75 -0.72 0.85 0.91 1.15 1.00
Car 0.0 0 -2.15 611.44 213.51 1026.17 372.07 1.38 1.61 3.87 0.19 0.83 0.85 -1.87 1.00
Car 0.0 0 -1.67 338.28 213.71 368.52 249.79 1.47 1.60 3.60 -0.38 0.81 0.90 -2.01 0.99
Car 0.0 0 1.91 11.71 230.62 89.55 371.67 1.40 1.49 3.55 -0.78 0.87 0.93 1.25 0.99
Car 0.0 0 1.59 208.68 215.67 218.22 240.07 1.43 1.49 3.61 -0.60 0.79 0.97 1.09 0.97
Car 0.0 0 -1.71 311.59 210.13 324.87 231.28 1.48 1.60 3.73 -0.47 0.81 1.01 -2.10 0.38
