Pedestrian 0.0 0 -1.90 774.41 143.87 819.36 302.90 1.77 0.84 0.91 0.22 0.95 1.02 -1.63 1.00
Pedestrian 0.0 0 2.71 1107.92 136.47 1189.00 344.20 1.83 0.68 1.15 0.77 1.00 1.08 -2.92 1.00
Pedestrian 0.0 0 -1.67 619.52 163.71 627.58 236.19 1.73 0.84 0.91 -0.03 0.89 1.04 -1.64 0.99
Pedestrian 0.0 0 -2.94 1018.41 139.92 1062.28 276.90 1.84 0.72 1.11 0.63 0.97 1.13 -2.39 0.99
Pedestrian 0.0 0 -2.23 740.56 157.63 763.48 267.26 1.78 0.82 0.92 0.17 0.94 1.06 -2.02 0.99
Pedestrian 0.0 0 -1.87 714.08 159.58 750.08 304.84 1.72 0.83 0.89 0.13 0.93 1.02 -1.69 0.99
Pedestrian 0.0 0 2.06 287.35 170.06 322.81 302.59 1.73 0.66 0.90 -0.46 0.94 0.97 1.67 0.99
Pedestrian 0.0 0 1.74 1165.28 140.59 1213.20 300.83 1.75 0.66 0.73 0.71 0.93 0.94 2.43 0.99
Pedestrian 0.0 0 1.75 227.15 168.30 254.41 297.07 1.68 0.64 0.89 -0.55 0.91 0.98 1.29 0.98
Pedestrian 0.0 0 -1.49 217.85 165.78 247.82 284.62 1.70 0.65 0.87 -0.59 0.92 1.04 -1.96 0.94
Car 0.0 0 1.76 388.43 154.92 467.73 229.08 1.82 1.71 4.40 -0.28 0.93 0.93 1.52 1.00
Car 0.0 0 1.60 521.59 163.97 558.83 211.82 1.68 1.66 4.18 -0.14 0.85 0.92 1.52 1.00
Car 0.0 0 1.71 448.31 165.23 488.74 209.59 1.59 1.67 4.27 -0.23 0.80 0.93 1.53 0.99
