Pedestrian 0.0 0 1.71 408.43 177.65 403.59 214.64 1.73 0.66 0.66 -0.34 0.90 0.99 1.43 0.91
Pedestrian 0.0 0 1.68 418.54 176.50 409.58 208.61 1.76 0.62 0.71 -0.34 0.91 1.05 1.42 0.90
Car 0.0 0 -1.81 687.10 187.58 812.92 277.08 1.44 1.60 3.92 0.11 0.79 0.89 -1.62 1.00
Car 0.0 0 -1.31 299.62 197.93 401.32 267.17 1.42 1.62 3.87 -0.40 0.79 0.94 -1.65 1.00
Car 0.0 0 1.03 884.56 181.84 1241.42 372.64 1.57 1.61 4.02 0.40 0.89 0.73 1.59 1.00
Car 0.0 0 -1.77 624.82 178.50 700.09 238.35 1.49 1.61 3.90 0.01 0.79 0.91 -1.70 1.00
Car 0.0 0 -1.69 574.77 183.74 604.44 218.12 1.50 1.61 3.79 -0.09 0.79 0.98 -1.72 1.00
Car 0.0 0 -1.60 413.84 190.66 445.47 219.76 1.39 1.59 3.59 -0.31 0.74 1.00 -1.85 0.96
Car 0.0 0 -1.69 553.63 187.17 568.86 212.58 1.47 1.59 3.63 -0.12 0.77 0.95 -1.76 0.91
Cyclist 0.0 0 1.76 445.93 181.72 462.57 251.29 1.72 0.61 1.67 -0.27 0.92 0.99 1.54 1.00
Cyclist 0.0 0 1.63 406.81 182.39 428.54 267.41 1.72 0.69 1.75 -0.33 0.93 1.03 1.37 0.99
