Car 0.0 0 -1.77 687.87 186.43 771.69 253.83 1.47 1.58 3.81 0.09 0.79 0.90 -1.60 1.00
Car 0.0 0 -2.44 11.54 195.87 218.50 351.43 1.45 1.60 3.94 -0.65 0.84 0.85 -3.04 1.00
Car 0.0 0 -1.98 786.63 199.24 1106.37 371.93 1.43 1.60 3.93 0.33 0.85 0.84 -1.54 1.00
Car 0.0 0 0.31 339.37 187.52 473.60 236.97 1.47 1.60 3.97 -0.33 0.79 0.97 0.03 1.00
Car 0.0 0 -2.59 15.95 194.27 317.24 304.37 1.48 1.60 3.96 -0.61 0.83 0.90 -3.14 1.00
Car 0.0 0 0.56 194.91 183.97 386.30 259.10 1.54 1.61 3.77 -0.45 0.83 0.88 0.15 1.00
Car 0.0 0 -1.65 651.80 177.18 663.98 199.09 1.52 1.61 3.77 0.01 0.78 0.98 -1.58 0.99
Car 0.0 0 -1.71 670.57 183.17 702.57 217.29 1.49 1.60 3.81 0.04 0.78 0.97 -1.61 0.99
Car 0.0 0 -2.68 116.42 189.25 353.13 276.88 1.51 1.60 3.64 -0.54 0.83 0.93 3.12 0.99
Car 0.0 0 -2.89 384.71 175.03 468.43 217.97 1.76 1.65 3.60 -0.29 0.91 0.91 -3.13 0.96
