Pedestrian 0.0 0 -0.91 629.97 164.87 668.68 307.33 1.75 0.73 1.00 0.01 0.95 1.00 -0.84 1.00
Pedestrian 0.0 0 1.09 934.30 127.74 1011.94 354.12 1.84 0.68 0.86 0.41 0.99 0.89 1.56 1.00
Pedestrian 0.0 0 1.78 306.77 159.93 367.18 361.68 1.77 0.70 0.89 -0.39 0.99 0.90 1.43 0.99
Pedestrian 0.0 0 -1.55 567.93 169.99 567.57 228.63 1.74 0.74 0.86 -0.10 0.89 0.96 -1.60 0.99
Pedestrian 0.0 0 -1.94 1003.79 131.45 1077.78 357.29 1.87 0.83 0.92 0.56 1.03 1.01 -1.39 0.99
Pedestrian 0.0 0 1.63 505.70 171.92 502.14 219.86 1.76 0.73 0.82 -0.19 0.90 0.98 1.50 0.99
Pedestrian 0.0 0 -1.76 531.91 167.55 531.65 225.80 1.80 0.79 0.93 -0.16 0.92 1.03 -1.85 0.96
Pedestrian 0.0 0 -1.54 597.44 174.64 595.08 224.71 1.73 0.77 0.87 -0.07 0.89 0.98 -1.54 0.95
Pedestrian 0.0 0 1.59 489.46 176.63 486.68 222.03 1.69 0.75 0.87 -0.22 0.87 1.01 1.44 0.93
Cyclist 0.0 0 1.79 404.46 175.52 475.47 330.94 1.68 0.64 1.69 -0.29 0.94 1.01 1.57 0.99
