Car 0.0 0 -1.85 723.82 189.60 888.63 301.72 1.43 1.61 3.82 0.19 0.81 0.90 -1.58 1.00
Car 0.0 0 -2.62 9.34 168.11 229.79 297.55 1.67 1.53 3.16 -0.66 0.91 0.89 3.07 1.00
Car 0.0 0 -0.10 689.90 180.42 745.79 203.27 1.51 1.66 4.21 0.08 0.78 0.92 0.05 1.00
Car 0.0 0 0.66 4.60 179.31 201.62 334.93 1.56 1.62 3.92 -0.66 0.88 0.85 0.05 1.00
Car 0.0 0 -0.28 729.13 178.74 802.57 213.73 1.62 1.65 4.09 0.15 0.84 0.94 -0.07 1.00
Car 0.0 0 0.46 142.46 172.96 399.37 269.24 1.57 1.67 4.06 -0.47 0.84 0.88 0.02 1.00
Car 0.0 0 -0.30 819.38 184.16 985.31 249.63 1.53 1.57 3.66 0.31 0.82 0.91 0.09 1.00
Car 0.0 0 -2.88 333.70 175.83 472.66 224.74 1.40 1.63 4.20 -0.32 0.74 0.91 3.13 0.99
Car 0.0 0 0.14 494.43 174.48 540.83 195.91 1.53 1.61 3.99 -0.18 0.78 0.98 0.01 0.98
Car 0.0 0 -1.73 641.59 180.17 649.90 195.46 1.38 1.52 3.59 -0.01 0.71 0.99 -1.68 0.97
Car 0.0 0 0.40 232.95 145.04 444.30 241.40 1.79 1.66 3.84 -0.41 0.92 0.94 0.04 0.89
