Pedestrian 0.0 0 -1.77 790.71 160.30 818.67 289.18 1.79 0.78 0.96 0.22 0.96 0.98 -1.49 0.99
Pedestrian 0.0 0 -1.80 757.46 166.51 787.60 297.94 1.76 0.83 0.96 0.19 0.95 1.03 -1.56 0.99
Pedestrian 0.0 0 -1.89 882.32 158.02 950.89 371.70 1.81 0.83 0.86 0.38 1.02 1.00 -1.48 0.99
Pedestrian 0.0 0 -1.80 727.76 163.25 752.84 286.49 1.77 0.70 0.85 0.14 0.95 1.02 -1.61 0.99
Pedestrian 0.0 0 -2.50 590.46 154.69 601.14 236.33 1.79 0.71 0.92 -0.07 0.91 1.03 -2.51 0.98
Pedestrian 0.0 0 -1.58 681.17 150.70 678.65 201.19 1.79 0.82 0.90 0.05 0.89 1.02 -1.47 0.98
Pedestrian 0.0 0 -1.94 801.09 152.56 817.41 240.60 1.81 0.77 0.88 0.24 0.93 1.04 -1.65 0.98
Pedestrian 0.0 0 -1.91 831.78 153.47 859.27 264.62 1.71 0.73 0.83 0.27 0.89 0.97 -1.58 0.97
Pedestrian 0.0 0 -1.78 846.21 160.80 898.95 345.03 1.79 0.82 0.94 0.33 1.00 1.03 -1.41 0.96
Car 0.0 0 1.67 538.74 160.47 580.95 206.48 1.55 1.66 4.10 -0.11 0.78 0.95 1.62 1.00
