Pedestrian 0.0 0 2.91 705.24 164.03 698.90 195.68 1.75 0.49 0.96 0.07 0.89 1.00 3.04 0.96
Car 0.0 0 -2.98 275.41 170.68 352.90 205.91 1.61 1.64 4.03 -0.43 0.82 0.90 2.91 1.00
Car 0.0 0 -2.04 719.62 165.46 756.12 187.52 1.58 1.64 3.81 0.11 0.79 0.96 -1.87 0.99
Car 0.0 0 1.31 653.41 162.24 677.13 189.94 1.60 1.66 4.07 0.01 0.81 0.93 1.39 0.99
Car 0.0 0 -2.11 893.03 167.35 918.67 184.25 1.44 1.56 3.71 0.30 0.72 0.87 -1.72 0.99
Car 0.0 0 -2.28 930.62 163.62 969.02 183.00 1.56 1.56 3.52 0.40 0.78 0.97 -1.84 0.98
Car 0.0 0 -2.00 677.11 166.81 704.41 187.18 1.64 1.68 3.74 0.05 0.83 0.97 -1.89 0.97
Car 0.0 0 -2.26 1000.34 167.95 1035.14 184.56 1.44 1.56 3.74 0.49 0.73 0.97 -1.75 0.96
Car 0.0 0 -2.49 970.14 167.82 1011.59 184.77 1.45 1.48 3.44 0.43 0.73 0.93 -2.00 0.92
Car 0.0 0 1.50 878.57 164.43 895.40 180.70 1.56 1.60 3.74 0.29 0.78 0.90 1.87 0.89
Car 0.0 0 0.40 1152.45 164.86 1211.14 181.80 1.45 1.59 4.04 0.70 0.73 0.95 1.07 0.78
Car 0.0 0 0.18 1131.89 163.30 1193.92 182.29 1.53 1.65 4.09 0.68 0.77 0.96 0.83 0.55
Car 0.0 0 1.16 1076.96 167.92 1104.02 184.81 1.48 1.63 3.90 0.59 0.74 0.97 1.75 0.21
