Pedestrian 0.0 0 -2.28 64.67 168.39 83.00 275.90 1.87 0.64 0.85 -0.82 1.00 1.00 -2.93 1.00
Pedestrian 0.0 0 0.67 117.90 178.79 124.56 259.18 1.72 0.58 0.96 -0.77 0.92 1.03 0.07 0.99
Pedestrian 0.0 0 0.37 427.35 156.29 455.35 288.40 1.73 0.71 1.10 -0.31 0.93 1.08 0.14 0.99
Pedestrian 0.0 0 0.01 703.55 152.32 723.29 259.39 1.79 0.58 1.05 0.11 0.94 1.08 0.17 0.99
Pedestrian 0.0 0 0.79 104.84 181.57 113.01 271.16 1.65 0.63 0.98 -0.78 0.89 1.02 0.18 0.97
Car 0.0 0 -1.09 10.84 199.18 376.94 364.59 1.43 1.59 3.92 -0.57 0.84 0.87 -1.62 1.00
Car 0.0 0 -0.70 1179.27 159.39 1215.79 190.23 1.48 1.71 3.98 0.76 0.73 0.97 -0.00 0.98
Car 0.0 0 1.63 469.30 173.35 475.49 191.43 1.51 1.68 3.90 -0.25 0.76 1.02 1.44 0.97
Cyclist 0.0 0 -0.69 1102.31 144.00 1133.23 189.52 1.78 0.63 1.82 0.72 0.87 1.06 -0.06 1.00
Cyclist 0.0 0 -1.47 967.85 156.10 969.22 206.88 1.65 0.61 1.74 0.47 0.83 1.03 -0.99 0.99
Cyclist 0.0 0 -0.09 382.81 167.77 461.90 268.93 1.74 0.67 1.78 -0.32 0.93 1.00 -0.34 0.98
