Pedestrian 0.0 0 2.85 833.69 162.58 825.79 189.37 1.86 0.57 1.13 0.26 0.93 1.04 -3.14 0.98
Car 0.0 0 3.01 43.29 171.15 167.81 213.03 1.62 1.64 4.42 -0.71 0.84 0.93 2.40 1.00
Car 0.0 0 -1.96 797.83 165.71 821.34 186.38 1.61 1.66 3.78 0.21 0.81 0.96 -1.69 1.00
Car 0.0 0 2.99 607.03 173.15 668.01 194.90 1.52 1.72 4.51 -0.02 0.78 1.00 3.03 0.99
Car 0.0 0 -2.09 838.81 166.77 868.79 185.25 1.57 1.65 3.82 0.26 0.79 0.93 -1.76 0.99
Car 0.0 0 -2.12 1047.70 162.18 1085.24 182.02 1.57 1.56 3.80 0.54 0.78 0.94 -1.56 0.99
Car 0.0 0 -1.97 974.32 158.56 1012.76 185.89 1.58 1.63 3.86 0.44 0.79 0.93 -1.48 0.99
Car 0.0 0 1.34 769.55 159.85 793.04 186.15 1.68 1.70 4.17 0.18 0.84 1.00 1.57 0.98
Car 0.0 0 -2.04 998.01 164.15 1037.75 187.30 1.51 1.60 3.70 0.44 0.76 0.88 -1.53 0.97
Car 0.0 0 -2.41 1095.76 165.99 1148.53 185.95 1.37 1.40 3.52 0.59 0.69 0.91 -1.79 0.94
Car 0.0 0 -2.22 1117.93 164.71 1167.50 187.05 1.43 1.51 3.62 0.60 0.72 0.89 -1.58 0.88
Car 0.0 0 -0.40 1177.83 165.52 1220.41 187.20 1.44 1.55 3.80 0.73 0.73 0.96 0.29 0.26
