Car 0.0 0 -2.47 11.91 187.28 169.29 360.47 1.55 1.63 3.92 -0.67 0.89 0.85 -3.09 1.00
Car 0.0 0 -2.85 235.09 186.03 409.82 256.46 1.60 1.64 4.01 -0.43 0.86 0.92 3.05 1.00
Car 0.0 0 -2.69 92.00 186.83 352.89 286.16 1.54 1.62 3.87 -0.54 0.85 0.88 3.10 1.00
Car 0.0 0 3.34 430.64 188.61 509.05 219.83 1.46 1.63 4.13 -0.24 0.77 0.93 -3.13 1.00
Car 0.0 0 -0.45 902.75 192.22 1191.00 305.40 1.47 1.62 3.99 0.49 0.83 0.90 0.09 0.99
Car 0.0 0 -2.64 7.05 194.83 303.24 311.95 1.52 1.59 3.86 -0.64 0.86 0.92 3.08 0.99
Car 0.0 0 -0.63 984.19 176.93 1229.20 346.10 1.48 1.57 3.80 0.58 0.86 0.93 -0.03 0.99
Car 0.0 0 -0.37 834.98 198.04 1049.28 275.88 1.41 1.65 4.07 0.36 0.79 0.92 0.07 0.99
Car 0.0 0 -0.32 735.18 184.75 870.24 241.68 1.61 1.71 4.07 0.19 0.86 0.93 -0.06 0.99
Car 0.0 0 -1.70 643.52 191.04 665.29 216.80 1.45 1.57 3.69 0.00 0.77 0.98 -1.64 0.99
Car 0.0 0 2.81 763.34 189.46 929.22 252.67 1.60 1.69 4.18 0.25 0.86 0.93 3.13 0.99
Car 0.0 0 -1.62 635.41 187.72 640.19 204.77 1.45 1.62 3.63 -0.02 0.76 0.97 -1.59 0.98
Car 0.0 0 -0.41 810.97 193.40 963.09 256.13 1.51 1.58 3.79 0.31 0.82 0.96 -0.04 0.97
Car 0.0 0 -2.29 941.32 219.71 1233.75 374.69 1.43 1.54 3.49 0.59 0.89 0.98 -1.70 0.97
Car 0.0 0 0.33 272.36 176.24 436.30 250.02 1.72 1.64 3.79 -0.40 0.91 0.97 -0.01 0.96
Car 0.0 0 -2.87 404.73 190.12 496.16 225.56 1.44 1.56 3.74 -0.26 0.76 0.90 -3.08 0.96
Cyclist 0.0 0 1.61 539.20 190.49 535.89 225.26 1.69 0.63 1.66 -0.16 0.90 1.00 1.51 0.99
