Car 0.0 0 -1.86 730.60 194.24 897.84 304.95 1.44 1.63 3.94 0.19 0.81 0.89 -1.59 1.00
Car 0.0 0 -1.72 670.46 186.64 732.36 239.02 1.46 1.60 3.94 0.06 0.78 0.94 -1.60 1.00
Car 0.0 0 -2.45 11.58 197.37 201.72 366.70 1.53 1.66 4.07 -0.66 0.90 0.86 -3.06 1.00
Car 0.0 0 0.58 12.72 190.15 280.59 316.34 1.53 1.60 3.82 -0.59 0.86 0.82 0.01 1.00
Car 0.0 0 0.32 276.01 185.70 425.01 247.52 1.56 1.61 3.69 -0.40 0.84 0.93 -0.02 1.00
Car 0.0 0 0.27 375.89 188.07 484.60 229.44 1.42 1.63 4.07 -0.30 0.76 0.97 0.02 1.00
Car 0.0 0 -1.67 659.96 183.81 687.68 217.03 1.50 1.58 3.78 0.03 0.79 0.97 -1.58 1.00
Car 0.0 0 -2.70 168.82 190.10 380.01 267.96 1.49 1.59 3.78 -0.49 0.82 0.93 -3.14 0.99
Car 0.0 0 -2.93 398.17 181.01 477.96 220.09 1.72 1.64 3.50 -0.27 0.90 0.89 3.12 0.98
Car 0.0 0 -1.64 644.69 177.69 654.08 199.11 1.53 1.67 3.82 -0.00 0.79 1.00 -1.58 0.98
Car 0.0 0 -2.63 45.56 197.03 319.68 292.49 1.39 1.54 3.85 -0.61 0.79 0.92 3.12 0.90
