Pedestrian 0.0 0 0.90 718.29 143.29 765.32 333.79 1.89 0.68 1.05 0.13 1.03 0.97 1.09 1.00
Pedestrian 0.0 0 1.33 494.28 143.38 492.23 213.11 1.85 0.63 0.98 -0.21 0.92 0.97 1.18 0.99
Pedestrian 0.0 0 0.83 794.06 140.77 840.37 328.63 1.85 0.66 1.06 0.23 1.00 0.94 1.13 0.99
Pedestrian 0.0 0 1.46 450.45 148.94 447.07 214.17 1.78 0.68 0.90 -0.28 0.90 0.98 1.25 0.99
Pedestrian 0.0 0 1.46 525.00 145.62 524.48 218.40 1.77 0.70 0.92 -0.17 0.89 0.99 1.35 0.99
Pedestrian 0.0 0 1.26 600.27 141.46 603.91 222.17 1.78 0.59 0.91 -0.06 0.89 0.98 1.25 0.99
Pedestrian 0.0 0 0.26 690.94 155.57 680.01 199.86 1.78 0.63 0.77 0.06 0.89 1.06 0.37 0.99
Pedestrian 0.0 0 1.34 567.51 144.13 570.95 219.99 1.81 0.65 0.95 -0.11 0.91 0.96 1.29 0.97
Pedestrian 0.0 0 0.25 293.82 147.08 301.35 242.30 1.71 0.56 0.67 -0.53 0.88 1.07 -0.16 0.97
Pedestrian 0.0 0 1.47 471.48 149.02 468.42 216.31 1.81 0.67 0.90 -0.24 0.91 0.96 1.28 0.95
Pedestrian 0.0 0 1.31 583.62 143.04 578.95 212.95 1.82 0.70 1.05 -0.09 0.91 0.95 1.28 0.91
