Car 0.0 0 2.11 7.30 211.34 270.15 366.10 1.47 1.60 3.91 -0.61 0.87 0.85 1.54 1.00
Car 0.0 0 1.87 350.96 196.48 429.12 251.64 1.50 1.60 3.88 -0.36 0.82 0.97 1.57 1.00
Car 0.0 0 1.96 224.43 203.11 363.81 287.95 1.44 1.55 3.63 -0.48 0.82 0.95 1.55 1.00
Car 0.0 0 2.64 926.42 143.25 1135.40 219.06 1.63 1.68 4.15 0.45 0.82 0.87 -3.11 1.00
Car 0.0 0 1.85 427.74 192.45 480.89 230.79 1.46 1.67 4.02 -0.27 0.79 1.00 1.64 1.00
Car 0.0 0 2.70 851.81 150.84 985.66 209.82 1.69 1.67 3.60 0.33 0.86 0.92 3.10 1.00
Car 0.0 0 -1.72 689.50 177.56 746.17 231.29 1.49 1.57 3.74 0.07 0.78 0.89 -1.57 1.00
Car 0.0 0 2.80 806.39 159.77 917.34 207.83 1.64 1.64 3.79 0.25 0.83 0.88 3.14 1.00
Car 0.0 0 -1.69 676.83 177.51 713.26 216.71 1.55 1.62 3.81 0.05 0.81 0.95 -1.57 0.99
Car 0.0 0 2.71 897.95 145.46 1034.54 208.92 1.73 1.67 3.53 0.39 0.87 0.91 -3.12 0.99
Car 0.0 0 -1.69 607.46 178.34 611.63 190.10 1.41 1.66 3.67 -0.06 0.72 0.94 -1.69 0.97
Car 0.0 0 1.55 500.51 185.63 521.11 209.04 1.40 1.62 3.83 -0.19 0.73 0.94 1.41 0.92
