Pedestrian 0.0 0 1.13 540.67 156.27 591.23 352.76 1.84 0.61 0.96 -0.11 1.02 0.94 1.07 1.00
Pedestrian 0.0 0 0.96 884.82 150.16 950.68 367.85 1.78 0.63 0.94 0.35 1.00 0.91 1.38 1.00
Pedestrian 0.0 0 0.32 1077.38 149.57 1173.78 367.43 1.71 0.69 1.06 0.70 0.97 1.03 0.96 0.99
Pedestrian 0.0 0 1.07 723.19 146.32 760.11 305.99 1.83 0.63 0.96 0.13 0.98 0.95 1.26 0.99
Pedestrian 0.0 0 1.03 796.69 149.76 862.22 368.04 1.79 0.62 0.92 0.25 1.00 0.97 1.34 0.99
Pedestrian 0.0 0 -2.92 829.01 155.92 830.08 224.99 1.72 0.61 0.88 0.28 0.88 1.07 -2.61 0.99
Pedestrian 0.0 0 1.01 686.00 169.54 717.49 314.86 1.79 0.62 0.89 0.08 0.98 1.00 1.15 0.99
Pedestrian 0.0 0 1.34 535.91 146.68 545.80 242.03 1.81 0.65 0.90 -0.15 0.93 0.99 1.25 0.99
Pedestrian 0.0 0 1.18 637.21 147.21 678.21 322.14 1.83 0.62 0.94 0.01 0.99 0.93 1.25 0.99
Pedestrian 0.0 0 -2.74 667.38 146.96 662.67 199.68 1.79 0.56 0.82 0.03 0.89 1.05 -2.66 0.98
Pedestrian 0.0 0 0.91 267.55 143.84 287.81 260.90 1.80 0.62 0.86 -0.54 0.94 1.03 0.48 0.98
Pedestrian 0.0 0 1.13 593.38 176.49 625.99 324.18 1.70 0.63 0.86 -0.05 0.95 1.01 1.14 0.97
Pedestrian 0.0 0 1.23 609.04 154.05 617.35 242.44 1.74 0.64 0.98 -0.05 0.90 0.96 1.25 0.96
Pedestrian 0.0 0 1.21 699.17 139.63 712.42 241.70 1.80 0.63 0.96 0.07 0.91 0.94 1.35 0.95
Pedestrian 0.0 0 1.20 641.00 144.70 649.96 237.52 1.79 0.62 0.95 -0.00 0.91 0.96 1.26 0.94
Pedestrian 0.0 0 0.53 1146.23 149.47 1209.79 368.26 1.73 0.60 0.94 0.75 0.97 0.99 1.21 0.94
