Pedestrian 0.0 0 2.49 259.61 162.64 326.46 357.79 1.82 0.66 0.97 -0.47 1.02 0.95 2.09 1.00
Pedestrian 0.0 0 1.11 1096.21 144.12 1178.85 370.38 1.73 0.68 0.84 0.67 0.97 0.97 1.76 1.00
Pedestrian 0.0 0 -1.97 637.57 158.05 651.00 241.85 1.77 0.80 0.95 0.00 0.91 1.04 -1.91 0.99
Pedestrian 0.0 0 1.78 123.47 159.75 182.21 346.25 1.73 0.63 0.86 -0.66 0.96 0.96 1.22 0.99
Pedestrian 0.0 0 -1.70 750.23 176.13 770.17 287.79 1.75 0.82 0.95 0.16 0.95 1.01 -1.48 0.99
Pedestrian 0.0 0 -1.91 821.32 167.48 875.08 354.23 1.73 0.92 0.90 0.29 0.98 1.01 -1.57 0.99
Pedestrian 0.0 0 -1.68 723.30 171.32 741.62 279.11 1.74 0.78 0.88 0.14 0.94 1.07 -1.50 0.99
Pedestrian 0.0 0 0.76 1142.24 148.46 1228.10 374.04 1.67 0.64 0.84 0.73 0.94 0.97 1.44 0.97
Pedestrian 0.0 0 -1.90 802.11 156.50 823.32 259.85 1.78 0.80 0.93 0.24 0.93 1.00 -1.62 0.97
Pedestrian 0.0 0 -1.65 800.06 168.48 849.44 344.39 1.78 0.77 0.92 0.26 1.00 1.03 -1.35 0.96
Car 0.0 0 1.67 554.04 171.41 589.20 211.62 1.48 1.65 4.04 -0.10 0.75 0.97 1.63 1.00
