Pedestrian 0.0 0 2.92 749.97 166.31 741.60 193.59 1.76 0.49 0.99 0.14 0.89 1.04 3.11 0.98
Car 0.0 0 3.15 389.63 173.90 462.26 203.62 1.54 1.69 4.32 -0.30 0.79 0.94 2.90 1.00
Car 0.0 0 1.31 694.83 162.56 716.21 189.82 1.60 1.65 4.21 0.06 0.81 0.91 1.44 1.00
Car 0.0 0 -2.36 969.14 163.06 1010.71 183.76 1.54 1.50 3.48 0.48 0.77 1.02 -1.87 0.99
Car 0.0 0 -2.18 931.15 167.49 960.23 184.39 1.46 1.54 3.64 0.36 0.73 0.89 -1.74 0.99
Car 0.0 0 2.18 18.89 178.51 56.12 197.64 1.51 1.53 4.02 -0.87 0.78 1.02 1.51 0.99
Car 0.0 0 0.74 1196.18 163.30 1225.09 181.32 1.46 1.66 4.03 0.70 0.73 0.92 1.44 0.97
Car 0.0 0 -2.07 759.14 166.80 797.01 188.54 1.61 1.72 3.93 0.18 0.81 1.01 -1.84 0.97
Car 0.0 0 -2.00 721.39 169.71 745.71 189.84 1.59 1.65 3.50 0.10 0.81 0.90 -1.83 0.97
Car 0.0 0 -2.36 910.10 165.19 941.86 186.15 1.56 1.56 3.62 0.33 0.79 0.88 -1.95 0.96
Car 0.0 0 -2.35 1038.25 167.24 1085.09 185.67 1.42 1.53 3.74 0.57 0.72 1.00 -1.79 0.75
