Pedestrian 0.0 0 1.33 699.44 148.45 721.10 279.84 1.80 0.65 0.95 0.08 0.95 0.96 1.48 0.99
Pedestrian 0.0 0 0.92 785.15 145.89 810.72 275.01 1.80 0.61 0.92 0.21 0.94 0.99 1.19 0.99
Pedestrian 0.0 0 1.25 609.86 149.09 624.64 263.17 1.89 0.67 0.97 -0.04 0.98 0.97 1.27 0.99
Pedestrian 0.0 0 1.37 479.99 147.69 481.95 223.93 1.81 0.62 0.93 -0.23 0.91 0.99 1.20 0.99
Pedestrian 0.0 0 1.27 667.28 143.76 687.81 268.91 1.82 0.60 0.92 0.04 0.94 0.94 1.38 0.99
Pedestrian 0.0 0 0.72 899.63 137.03 967.89 356.42 1.75 0.55 0.85 0.39 0.96 0.95 1.16 0.99
Pedestrian 0.0 0 2.78 1050.60 176.25 1056.69 253.54 1.63 0.62 0.76 0.63 0.87 1.08 -2.94 0.99
Pedestrian 0.0 0 0.94 797.37 150.28 878.07 367.44 1.67 0.62 0.78 0.25 0.94 0.94 1.26 0.99
Pedestrian 0.0 0 1.28 500.96 150.44 518.81 269.48 1.86 0.66 0.97 -0.19 0.97 0.94 1.15 0.99
Pedestrian 0.0 0 0.97 273.04 144.60 289.15 252.55 1.83 0.65 0.87 -0.54 0.94 1.05 0.55 0.99
Pedestrian 0.0 0 1.33 591.96 145.32 593.46 226.83 1.76 0.63 0.98 -0.08 0.89 0.97 1.31 0.99
Pedestrian 0.0 0 1.29 642.19 144.59 639.83 213.04 1.74 0.63 0.86 -0.01 0.87 0.95 1.34 0.98
Pedestrian 0.0 0 0.92 839.49 147.94 860.87 272.99 1.78 0.62 0.94 0.28 0.94 0.98 1.26 0.98
Pedestrian 0.0 0 1.33 562.84 145.97 577.14 258.92 1.84 0.58 0.93 -0.11 0.95 0.96 1.29 0.97
Pedestrian 0.0 0 1.23 528.16 160.28 538.12 260.67 1.70 0.66 0.90 -0.16 0.89 0.97 1.13 0.96
Pedestrian 0.0 0 1.39 556.75 149.06 558.76 232.09 1.74 0.58 0.94 -0.12 0.89 0.91 1.32 0.95
Pedestrian 0.0 0 -2.77 688.11 150.99 682.91 198.75 1.76 0.58 0.81 0.06 0.87 1.06 -2.66 0.85
Pedestrian 0.0 0 2.79 384.20 157.14 379.26 198.00 1.75 0.72 1.04 -0.37 0.88 0.97 2.48 0.28
Cyclist 0.0 0 2.65 387.19 154.94 384.57 194.81 1.75 0.66 1.20 -0.37 0.87 1.00 2.35 0.61
