Pedestrian 0.0 0 1.04 597.13 143.63 621.27 275.64 1.85 0.67 0.99 -0.05 0.97 1.01 1.04 1.00
Pedestrian 0.0 0 1.36 566.57 143.86 562.85 211.51 1.82 0.66 0.84 -0.12 0.91 1.02 1.31 0.99
Pedestrian 0.0 0 1.29 417.76 144.39 416.13 211.52 1.80 0.65 0.85 -0.32 0.90 0.98 1.03 0.99
Pedestrian 0.0 0 1.30 502.74 149.04 498.72 213.87 1.76 0.63 0.90 -0.21 0.88 0.99 1.15 0.99
Pedestrian 0.0 0 -1.61 290.11 145.05 304.67 259.89 1.85 0.66 0.84 -0.51 0.96 1.03 -2.02 0.99
Pedestrian 0.0 0 1.11 669.50 139.98 693.27 272.15 1.83 0.65 0.98 0.05 0.95 1.00 1.22 0.99
Pedestrian 0.0 0 1.27 482.39 144.54 480.89 210.98 1.80 0.60 0.96 -0.23 0.90 0.98 1.10 0.98
Pedestrian 0.0 0 -1.86 599.55 153.63 594.37 211.23 1.82 0.61 0.87 -0.07 0.91 0.96 -1.87 0.98
Pedestrian 0.0 0 1.29 450.69 150.30 448.64 212.82 1.79 0.65 0.87 -0.27 0.90 0.97 1.08 0.96
Pedestrian 0.0 0 1.28 541.21 147.71 540.48 214.86 1.78 0.61 0.91 -0.15 0.89 1.03 1.19 0.96
Pedestrian 0.0 0 0.55 1032.86 170.49 1194.47 370.99 1.54 0.58 0.76 0.63 0.89 0.95 1.18 0.94
Pedestrian 0.0 0 0.37 1077.37 170.81 1214.81 371.79 1.60 0.63 0.94 0.72 0.93 1.01 1.02 0.93
Pedestrian 0.0 0 -0.28 672.25 140.68 673.94 208.49 1.76 0.49 0.69 0.04 0.87 1.06 -0.19 0.91
