Car 0.0 0 -1.98 814.57 185.55 1150.25 370.68 1.50 1.62 4.04 0.37 0.87 0.83 -1.50 1.00
Car 0.0 0 -1.82 754.59 183.18 883.26 282.05 1.56 1.61 3.70 0.20 0.85 0.89 -1.54 1.00
Car 0.0 0 2.14 11.99 199.21 306.05 371.08 1.50 1.61 3.86 -0.60 0.88 0.86 1.58 1.00
Car 0.0 0 1.99 242.42 194.06 411.13 288.72 1.43 1.60 3.96 -0.42 0.80 0.91 1.62 1.00
Car 0.0 0 -1.76 729.28 182.36 802.54 244.29 1.54 1.60 3.78 0.14 0.82 0.94 -1.55 1.00
Car 0.0 0 1.74 475.21 182.69 513.73 218.18 1.43 1.60 3.80 -0.21 0.75 0.95 1.58 1.00
Car 0.0 0 -2.51 1106.39 223.01 1227.93 371.37 1.44 1.59 3.54 0.66 0.88 0.93 -1.85 0.99
Car 0.0 0 -1.72 700.66 180.51 743.75 222.48 1.53 1.61 3.76 0.09 0.81 0.96 -1.56 0.99
Car 0.0 0 1.71 503.33 180.84 531.25 211.75 1.55 1.63 4.02 -0.19 0.81 0.99 1.58 0.99
Car 0.0 0 1.88 639.63 178.46 652.19 190.44 1.48 1.67 3.86 -0.01 0.76 0.94 1.93 0.41
