Pedestrian 0.0 0 -2.58 144.96 178.63 240.55 373.52 1.73 0.69 0.92 -0.66 1.00 1.06 -3.09 0.99
Pedestrian 0.0 0 -3.05 1040.72 135.14 1129.17 337.74 1.83 0.73 1.17 0.71 1.01 1.14 -2.46 0.99
Pedestrian 0.0 0 3.07 790.92 156.49 834.21 300.54 1.74 0.65 0.96 0.26 0.94 1.09 -2.93 0.99
Pedestrian 0.0 0 -1.39 357.91 184.43 361.82 255.26 1.72 0.78 0.92 -0.40 0.91 1.00 -1.72 0.99
Pedestrian 0.0 0 -2.08 606.39 177.75 609.59 230.17 1.66 0.67 0.86 -0.05 0.86 1.00 -2.07 0.98
Pedestrian 0.0 0 2.38 631.95 174.40 631.71 225.72 1.83 0.68 0.80 -0.02 0.94 0.99 2.42 0.98
Pedestrian 0.0 0 1.74 269.33 187.35 290.72 294.50 1.64 0.68 0.85 -0.49 0.90 0.97 1.32 0.97
Pedestrian 0.0 0 1.75 524.52 185.41 523.27 229.45 1.68 0.70 0.79 -0.17 0.88 1.04 1.64 0.97
Pedestrian 0.0 0 2.98 258.13 186.01 279.35 288.66 1.65 0.69 0.69 -0.54 0.91 1.03 2.55 0.94
Pedestrian 0.0 0 -2.04 746.54 182.79 757.25 258.94 1.62 0.70 0.76 0.16 0.87 1.05 -1.83 0.93
Pedestrian 0.0 0 2.86 3.52 163.07 174.39 382.36 1.73 0.71 1.17 -0.81 1.00 1.05 2.24 0.59
Car 0.0 0 1.82 364.70 172.11 468.13 259.57 1.58 1.64 4.08 -0.30 0.84 0.93 1.57 1.00
Car 0.0 0 1.70 453.90 177.51 497.25 230.28 1.59 1.63 4.06 -0.22 0.82 0.93 1.52 1.00
