Car 0.0 0 1.80 386.86 195.22 449.28 244.51 1.46 1.62 3.85 -0.32 0.79 0.96 1.54 1.00
Car 0.0 0 -0.93 23.05 213.56 109.45 250.05 1.46 1.63 4.15 -0.80 0.81 0.98 -1.57 1.00
Car 0.0 0 -1.69 670.59 178.82 708.73 221.21 1.52 1.60 3.72 0.04 0.79 0.92 -1.58 1.00
Car 0.0 0 -1.01 70.34 207.80 165.00 247.81 1.43 1.61 4.00 -0.73 0.79 0.98 -1.61 1.00
Car 0.0 0 1.75 434.40 193.71 474.82 229.41 1.44 1.63 3.87 -0.27 0.77 1.00 1.54 0.99
Car 0.0 0 1.71 495.20 183.59 516.48 209.39 1.54 1.66 4.05 -0.20 0.80 0.97 1.57 0.99
Car 0.0 0 -0.86 10.42 211.79 51.08 252.34 1.42 1.63 3.95 -0.90 0.80 1.04 -1.53 0.99
Car 0.0 0 1.71 481.57 185.21 505.25 214.96 1.51 1.55 3.93 -0.22 0.79 0.97 1.55 0.99
Car 0.0 0 -1.60 637.72 179.54 637.95 189.70 1.38 1.61 3.66 -0.02 0.71 0.96 -1.56 0.97
Car 0.0 0 -1.74 1057.98 142.04 1147.72 179.27 1.58 1.64 4.07 0.61 0.77 0.97 -1.14 0.81
Car 0.0 0 1.63 547.14 186.49 544.38 197.88 1.43 1.48 3.57 -0.15 0.74 0.97 1.54 0.43
