Car 0.0 0 -2.63 116.67 173.23 352.68 269.40 1.63 1.62 3.61 -0.52 0.88 0.88 -3.11 1.00
Car 0.0 0 -1.76 691.35 178.43 759.79 238.27 1.52 1.60 3.86 0.09 0.80 0.90 -1.60 1.00
Car 0.0 0 -2.55 11.43 180.72 290.24 294.76 1.48 1.60 3.86 -0.62 0.82 0.87 -3.11 1.00
Car 0.0 0 -1.80 719.57 178.90 845.37 271.16 1.51 1.63 3.98 0.16 0.82 0.90 -1.57 1.00
Car 0.0 0 -1.91 762.86 150.72 1074.51 373.13 1.74 1.68 3.95 0.30 0.97 0.83 -1.51 1.00
Car 0.0 0 -2.97 441.93 167.40 513.47 201.22 1.59 1.64 3.97 -0.23 0.81 0.91 3.13 1.00
Car 0.0 0 0.21 407.78 176.12 491.57 208.19 1.49 1.62 4.14 -0.27 0.77 0.94 -0.01 1.00
Car 0.0 0 -2.52 8.85 185.46 236.90 345.16 1.51 1.63 4.09 -0.63 0.87 0.85 -3.11 1.00
Car 0.0 0 0.30 305.46 182.74 442.70 234.07 1.51 1.61 3.91 -0.38 0.80 0.98 -0.02 1.00
Car 0.0 0 -1.68 664.68 173.07 690.33 204.56 1.51 1.60 3.93 0.03 0.78 0.99 -1.59 0.99
Car 0.0 0 -2.88 322.68 171.63 458.46 229.25 1.61 1.60 3.75 -0.34 0.84 0.93 3.10 0.99
Car 0.0 0 0.80 11.49 192.49 107.25 371.08 1.53 1.60 3.93 -0.75 0.90 0.90 0.15 0.98
Car 0.0 0 -2.80 237.69 171.83 399.81 244.72 1.67 1.59 3.49 -0.42 0.88 0.89 3.10 0.98
Car 0.0 0 0.40 170.91 166.32 410.74 259.88 1.67 1.67 4.00 -0.47 0.89 0.94 -0.01 0.98
Car 0.0 0 -1.64 651.42 169.72 663.85 192.54 1.51 1.63 3.71 0.01 0.77 1.03 -1.58 0.97
