Pedestrian 0.0 0 -2.45 571.69 164.48 613.23 316.20 1.80 0.74 0.98 -0.07 0.99 1.05 -2.46 1.00
Pedestrian 0.0 0 -2.41 717.04 162.84 739.20 269.66 1.79 0.81 1.03 0.13 0.95 1.05 -2.24 0.99
Pedestrian 0.0 0 -2.77 675.22 161.08 700.72 278.14 1.80 0.72 0.99 0.07 0.96 1.08 -2.64 0.99
Pedestrian 0.0 0 -1.77 427.39 158.55 445.25 266.01 1.78 0.72 0.82 -0.30 0.93 1.05 -1.99 0.99
Pedestrian 0.0 0 -1.99 898.51 166.97 966.94 370.87 1.75 0.86 0.90 0.44 1.01 1.09 -1.55 0.99
Pedestrian 0.0 0 -2.31 747.63 168.23 783.62 305.93 1.75 0.78 0.94 0.19 0.96 1.07 -2.08 0.98
Pedestrian 0.0 0 -2.06 946.16 149.22 1070.62 372.87 1.80 0.87 0.92 0.52 1.01 1.01 -1.54 0.98
Pedestrian 0.0 0 -2.15 789.13 159.94 837.14 322.84 1.72 0.80 0.97 0.25 0.95 1.05 -1.86 0.98
Pedestrian 0.0 0 -2.36 754.66 170.54 807.38 343.95 1.70 0.80 0.92 0.21 0.96 1.05 -2.12 0.96
Pedestrian 0.0 0 -1.57 630.92 160.99 634.62 222.60 1.72 0.69 0.88 -0.01 0.88 1.01 -1.53 0.95
Car 0.0 0 1.70 497.88 173.42 566.70 234.02 1.46 1.64 4.05 -0.15 0.76 0.91 1.61 1.00
