Car 0.0 0 1.86 277.54 186.17 422.64 295.48 1.51 1.56 3.74 -0.40 0.84 0.94 1.51 1.00
Car 0.0 0 1.81 399.76 184.81 483.46 255.61 1.53 1.61 3.94 -0.28 0.83 0.96 1.58 1.00
Car 0.0 0 -1.97 796.89 181.03 1152.20 374.13 1.53 1.61 3.64 0.35 0.88 0.80 -1.50 1.00
Car 0.0 0 2.05 7.59 209.14 317.77 369.62 1.45 1.57 3.73 -0.61 0.87 0.88 1.49 1.00
Car 0.0 0 -1.77 707.81 180.57 808.67 262.45 1.51 1.61 3.85 0.13 0.82 0.93 -1.57 1.00
Car 0.0 0 -1.75 686.96 180.37 749.84 235.88 1.48 1.56 3.74 0.08 0.79 0.93 -1.60 1.00
Car 0.0 0 1.47 655.89 174.29 683.25 210.55 1.56 1.59 3.97 0.02 0.80 0.90 1.55 1.00
Car 0.0 0 -1.65 634.79 183.31 641.88 200.20 1.43 1.53 3.52 -0.02 0.74 0.90 -1.61 0.98
Car 0.0 0 -1.66 526.09 187.76 534.71 203.90 1.40 1.63 3.61 -0.16 0.73 0.95 -1.77 0.98
Car 0.0 0 -2.75 1138.82 202.39 1226.08 369.72 1.54 1.65 4.08 0.76 0.93 1.02 -2.08 0.98
Car 0.0 0 -1.89 616.10 182.17 627.43 195.56 1.40 1.59 3.55 -0.04 0.72 0.97 -1.87 0.96
Car 0.0 0 -1.78 594.26 182.86 600.68 195.10 1.36 1.62 3.64 -0.08 0.70 0.99 -1.80 0.93
