Pedestrian 0.0 0 -1.51 693.97 165.03 698.28 234.67 1.73 0.75 0.89 0.07 0.89 1.01 -1.38 1.00
Pedestrian 0.0 0 1.75 463.74 156.48 504.11 317.06 1.77 0.67 0.90 -0.21 0.96 0.94 1.59 0.99
Pedestrian 0.0 0 -2.39 398.05 162.54 409.68 252.17 1.89 0.70 0.82 -0.34 0.98 1.03 -2.65 0.99
Pedestrian 0.0 0 -1.57 648.18 160.33 655.02 239.72 1.72 0.76 0.90 0.01 0.89 0.99 -1.50 0.99
Pedestrian 0.0 0 1.90 410.59 170.35 454.87 335.76 1.76 0.71 0.92 -0.29 0.98 0.97 1.68 0.99
Pedestrian 0.0 0 -1.62 754.66 161.40 749.41 206.20 1.78 0.77 0.85 0.16 0.90 1.03 -1.41 0.97
Pedestrian 0.0 0 -2.34 1170.80 127.77 1222.81 337.41 1.80 0.74 0.64 0.80 0.98 1.04 -1.64 0.97
Pedestrian 0.0 0 -1.56 722.13 163.49 725.29 227.72 1.70 0.79 0.96 0.11 0.87 1.01 -1.39 0.97
Pedestrian 0.0 0 -1.58 637.91 160.66 634.48 214.51 1.81 0.78 0.82 -0.01 0.91 0.99 -1.53 0.96
Pedestrian 0.0 0 -1.50 739.11 157.80 740.71 216.89 1.75 0.88 1.00 0.13 0.88 0.99 -1.30 0.96
Car 0.0 0 1.57 580.32 171.48 586.86 195.37 1.45 1.55 3.85 -0.08 0.73 1.02 1.55 0.92
