Car 0.0 0 1.87 305.02 190.74 442.81 291.03 1.52 1.59 3.85 -0.37 0.85 0.94 1.55 1.00
Car 0.0 0 -1.84 745.78 184.20 924.20 313.47 1.51 1.60 3.73 0.21 0.84 0.86 -1.54 1.00
Car 0.0 0 -1.81 705.12 184.99 803.80 256.45 1.47 1.60 3.83 0.12 0.80 0.92 -1.62 1.00
Car 0.0 0 2.01 13.56 189.52 336.06 373.33 1.53 1.60 3.83 -0.58 0.89 0.86 1.47 1.00
Car 0.0 0 1.49 658.41 181.18 689.38 219.52 1.53 1.57 3.83 0.02 0.80 0.91 1.58 1.00
Car 0.0 0 -2.51 1024.38 193.28 1230.08 369.54 1.48 1.61 3.78 0.62 0.88 0.95 -1.89 0.99
Car 0.0 0 -1.66 591.49 189.29 596.85 202.95 1.38 1.63 3.59 -0.08 0.72 0.97 -1.68 0.99
Car 0.0 0 -1.80 614.08 187.48 630.12 205.93 1.47 1.63 3.70 -0.04 0.77 1.00 -1.78 0.98
Car 0.0 0 -1.63 636.16 188.63 648.52 211.02 1.48 1.55 3.55 -0.02 0.78 0.93 -1.58 0.96
Car 0.0 0 -1.66 515.92 191.77 528.22 210.52 1.45 1.67 3.64 -0.19 0.77 1.04 -1.78 0.95
