Pedestrian 0.0 0 -2.35 818.65 150.33 847.60 272.50 1.72 0.69 0.80 0.27 0.90 1.00 -2.03 1.00
Pedestrian 0.0 0 -1.76 588.83 172.01 587.39 219.26 1.72 0.69 0.85 -0.08 0.88 0.96 -1.78 0.99
Pedestrian 0.0 0 -3.09 1063.73 132.05 1121.68 293.45 1.80 0.80 1.13 0.69 0.95 1.09 -2.49 0.99
Pedestrian 0.0 0 1.95 1169.90 137.35 1225.04 319.87 1.73 0.66 0.74 0.75 0.93 0.98 2.65 0.99
Pedestrian 0.0 0 -2.64 371.70 162.75 413.81 310.65 1.77 0.62 1.02 -0.37 0.97 1.07 -2.92 0.99
Pedestrian 0.0 0 -1.71 612.56 168.06 610.84 216.46 1.74 0.72 0.82 -0.04 0.88 1.02 -1.69 0.97
Pedestrian 0.0 0 1.73 506.27 172.01 501.85 210.82 1.68 0.69 0.83 -0.20 0.86 1.01 1.60 0.97
Pedestrian 0.0 0 -1.82 707.62 180.84 708.53 233.89 1.67 0.68 0.79 0.09 0.88 1.01 -1.67 0.96
Pedestrian 0.0 0 3.26 402.61 162.84 421.47 261.46 1.80 0.70 0.92 -0.34 0.94 1.05 3.00 0.89
Pedestrian 0.0 0 -2.24 728.18 175.13 738.01 241.86 1.62 0.75 0.85 0.13 0.85 1.01 -2.06 0.29
Car 0.0 0 1.80 385.89 160.38 462.25 224.84 1.73 1.65 4.13 -0.29 0.88 0.94 1.56 1.00
Car 0.0 0 2.10 10.25 144.30 383.56 369.59 1.72 1.68 4.25 -0.56 0.96 0.88 1.59 0.99
Car 0.0 0 1.72 443.84 170.07 485.85 213.03 1.55 1.61 4.04 -0.24 0.79 0.93 1.53 0.93
