Car 0.0 0 1.76 396.56 160.79 528.42 288.62 1.76 1.69 3.93 -0.24 0.94 0.88 1.56 1.00
Car 0.0 0 -1.70 717.31 178.91 757.53 221.20 1.53 1.60 3.75 0.10 0.80 0.91 -1.53 1.00
Car 0.0 0 1.26 823.69 191.02 1054.11 331.87 1.43 1.57 4.03 0.29 0.81 0.75 1.69 1.00
Car 0.0 0 -1.73 736.97 182.86 795.31 235.50 1.46 1.54 3.64 0.14 0.78 0.94 -1.51 1.00
Car 0.0 0 -1.78 750.83 187.80 847.36 261.06 1.44 1.56 3.82 0.17 0.79 0.89 -1.52 1.00
Car 0.0 0 -1.68 701.88 181.55 725.69 210.58 1.47 1.53 3.80 0.08 0.77 0.96 -1.54 1.00
Car 0.0 0 -2.34 1008.35 191.24 1229.92 370.90 1.55 1.62 3.66 0.58 0.91 0.90 -1.73 0.99
Car 0.0 0 1.70 489.32 184.42 546.29 247.93 1.49 1.54 3.82 -0.18 0.80 0.91 1.58 0.99
Car 0.0 0 1.67 562.87 173.24 584.30 204.89 1.64 1.63 4.08 -0.11 0.84 1.04 1.62 0.99
Car 0.0 0 -1.70 674.66 175.70 681.05 192.10 1.48 1.59 3.60 0.03 0.75 0.93 -1.60 0.95
