Car 0.0 0 -1.90 773.90 181.83 1015.61 341.27 1.45 1.59 3.71 0.28 0.83 0.87 -1.53 1.00
Car 0.0 0 1.83 412.64 185.43 470.39 232.16 1.55 1.62 3.82 -0.29 0.83 1.01 1.60 1.00
Car 0.0 0 2.40 1030.83 149.07 1230.31 252.93 1.62 1.63 4.06 0.54 0.84 0.83 3.03 1.00
Car 0.0 0 -1.21 192.27 193.03 365.21 296.09 1.43 1.62 3.91 -0.48 0.80 0.92 -1.64 1.00
Car 0.0 0 1.74 526.45 182.07 540.60 201.24 1.43 1.59 4.00 -0.16 0.74 0.97 1.64 0.99
Car 0.0 0 1.72 461.29 187.37 493.74 219.93 1.47 1.62 4.10 -0.23 0.77 0.93 1.54 0.99
Car 0.0 0 2.81 747.32 160.27 840.71 195.01 1.69 1.67 4.26 0.18 0.85 0.94 3.06 0.99
Car 0.0 0 -0.62 1035.32 152.40 1130.95 184.14 1.54 1.67 4.22 0.56 0.76 0.95 -0.04 0.98
Car 0.0 0 1.72 482.07 185.62 507.20 214.15 1.49 1.63 3.91 -0.21 0.78 0.91 1.56 0.98
Car 0.0 0 -0.49 974.69 153.47 1047.28 175.83 1.56 1.71 4.62 0.51 0.77 1.02 0.01 0.96
Car 0.0 0 -0.57 1006.39 153.49 1094.84 182.32 1.52 1.60 4.03 0.51 0.76 0.93 -0.02 0.95
Car 0.0 0 -0.58 994.28 155.51 1076.57 179.95 1.47 1.67 4.35 0.50 0.73 0.95 -0.05 0.87
