Pedestrian 0.0 0 0.84 748.56 143.65 781.98 293.02 1.85 0.63 0.98 0.17 0.98 1.00 1.06 1.00
Pedestrian 0.0 0 1.17 699.45 158.81 727.54 300.49 1.83 0.64 0.85 0.09 0.98 0.99 1.33 1.00
Pedestrian 0.0 0 -2.56 652.05 147.61 645.89 199.12 1.81 0.47 0.73 0.00 0.90 0.98 -2.50 1.00
Pedestrian 0.0 0 1.40 585.11 151.11 619.29 309.12 1.79 0.65 0.89 -0.06 0.96 0.95 1.40 0.99
Pedestrian 0.0 0 0.78 252.36 139.13 278.57 265.33 1.84 0.63 0.91 -0.57 0.95 1.05 0.33 0.99
Pedestrian 0.0 0 -2.74 615.05 142.71 612.35 206.86 1.87 0.56 0.89 -0.05 0.93 1.08 -2.72 0.99
Pedestrian 0.0 0 0.78 507.53 175.36 575.60 365.63 1.56 0.58 0.74 -0.15 0.91 0.99 0.69 0.99
Pedestrian 0.0 0 0.53 1084.07 137.34 1215.68 372.60 1.71 0.62 0.82 0.68 0.96 0.96 1.19 0.98
Pedestrian 0.0 0 0.86 812.78 120.28 887.32 317.61 1.85 0.59 0.99 0.27 0.98 0.94 1.20 0.98
Pedestrian 0.0 0 0.75 819.80 130.50 999.15 371.27 1.71 0.60 0.90 0.34 0.95 0.93 1.16 0.97
Pedestrian 0.0 0 0.73 773.85 145.71 941.03 371.81 1.68 0.58 0.94 0.28 0.95 0.95 1.08 0.96
Pedestrian 0.0 0 0.68 933.87 137.01 1117.33 373.32 1.67 0.57 0.90 0.49 0.93 0.93 1.22 0.95
Pedestrian 0.0 0 0.79 890.64 161.92 1079.85 371.62 1.51 0.57 0.83 0.44 0.87 0.91 1.29 0.94
Pedestrian 0.0 0 0.73 892.63 152.59 1093.93 373.12 1.55 0.56 0.85 0.46 0.89 0.94 1.23 0.94
Pedestrian 0.0 0 -2.94 333.34 152.14 325.88 203.42 1.74 0.61 0.91 -0.45 0.87 0.99 2.98 0.92
Pedestrian 0.0 0 0.88 843.02 115.03 1080.06 370.81 1.71 0.63 0.86 0.40 0.94 0.91 1.35 0.61
Pedestrian 0.0 0 0.85 854.63 143.01 1068.11 374.62 1.65 0.59 0.87 0.40 0.93 0.90 1.32 0.56
Pedestrian 0.0 0 0.81 836.88 132.02 1053.78 377.72 1.66 0.58 0.86 0.38 0.93 0.91 1.25 0.55
