Pedestrian 0.0 0 2.96 874.03 163.95 865.10 188.08 1.85 0.49 1.08 0.30 0.93 0.99 -2.98 0.98
Car 0.0 0 2.90 239.67 173.00 331.81 203.66 1.60 1.75 4.77 -0.49 0.82 0.96 2.47 1.00
Car 0.0 0 1.40 1010.65 158.49 1041.83 185.74 1.58 1.70 4.22 0.49 0.79 0.95 1.93 0.99
Car 0.0 0 1.31 809.42 164.45 825.69 187.47 1.55 1.65 4.10 0.21 0.78 0.92 1.59 0.99
Car 0.0 0 3.04 733.67 172.42 789.32 194.27 1.59 1.75 4.22 0.14 0.81 0.97 -3.04 0.99
Car 0.0 0 -2.05 1078.87 161.95 1117.09 183.72 1.62 1.63 3.94 0.64 0.81 1.03 -1.45 0.99
Car 0.0 0 -1.94 834.72 166.11 856.11 185.80 1.59 1.71 3.87 0.25 0.80 0.94 -1.63 0.99
Car 0.0 0 2.35 11.53 174.87 40.63 227.93 1.48 1.62 3.85 -0.91 0.78 1.05 1.67 0.99
Car 0.0 0 -1.97 1038.69 166.09 1069.02 185.64 1.48 1.58 3.72 0.50 0.74 0.91 -1.42 0.95
Car 0.0 0 -2.06 871.89 166.46 902.54 186.76 1.58 1.68 3.73 0.31 0.79 0.97 -1.69 0.89
