Car 0.0 0 -1.91 777.95 170.30 1035.36 369.36 1.61 1.62 3.56 0.28 0.92 0.83 -1.52 1.00
Car 0.0 0 0.77 14.45 180.25 207.43 374.77 1.63 1.64 4.04 -0.63 0.94 0.82 0.17 1.00
Car 0.0 0 0.31 277.02 185.98 431.39 249.12 1.52 1.59 3.77 -0.39 0.82 0.93 -0.03 1.00
Car 0.0 0 0.59 2.76 177.71 298.94 328.29 1.64 1.65 3.96 -0.58 0.91 0.82 0.02 1.00
Car 0.0 0 -0.15 735.83 175.85 837.66 217.46 1.60 1.67 4.18 0.17 0.83 0.95 0.10 1.00
Car 0.0 0 -1.69 683.32 188.05 729.76 236.29 1.45 1.61 3.59 0.07 0.78 0.95 -1.56 1.00
Car 0.0 0 0.29 336.45 183.77 468.96 241.90 1.56 1.57 3.56 -0.33 0.83 0.94 0.01 1.00
Car 0.0 0 -2.57 37.64 170.88 304.65 294.27 1.78 1.54 3.14 -0.61 0.96 0.90 -3.11 1.00
Car 0.0 0 -2.69 157.73 189.69 351.17 267.51 1.51 1.58 3.62 -0.51 0.83 0.92 3.14 1.00
Car 0.0 0 0.12 449.22 172.75 522.56 204.86 1.73 1.78 4.49 -0.22 0.88 0.95 -0.05 0.98
Car 0.0 0 -2.93 415.18 182.96 493.07 216.41 1.53 1.55 3.46 -0.26 0.80 0.92 -3.14 0.97
Car 0.0 0 -0.14 691.58 176.54 743.35 201.24 1.63 1.69 4.11 0.09 0.84 0.98 0.01 0.93
Car 0.0 0 -1.68 642.42 183.94 649.06 199.72 1.36 1.49 3.61 -0.01 0.71 0.95 -1.63 0.93
Cyclist 0.0 0 1.65 583.15 179.11 572.16 197.14 1.70 0.60 1.71 -0.11 0.87 1.08 1.61 0.98
