Pedestrian 0.0 0 -1.67 964.47 141.23 1052.79 371.86 1.85 0.82 0.97 0.51 1.03 1.00 -1.15 0.99
Pedestrian 0.0 0 -1.79 967.08 136.64 1065.38 377.30 1.82 0.86 0.92 0.49 1.01 0.95 -1.26 0.99
Pedestrian 0.0 0 -2.43 1035.58 114.07 1118.64 335.24 1.89 0.86 1.02 0.66 1.01 1.08 -1.85 0.99
Pedestrian 0.0 0 -1.57 602.62 164.10 604.78 234.02 1.77 0.77 0.92 -0.06 0.91 0.98 -1.56 0.99
Pedestrian 0.0 0 1.78 518.26 169.12 531.09 254.71 1.73 0.76 0.99 -0.16 0.91 0.98 1.68 0.99
Pedestrian 0.0 0 -1.56 687.17 165.85 688.50 225.41 1.72 0.79 0.91 0.06 0.88 0.99 -1.43 0.98
Pedestrian 0.0 0 -1.65 653.52 161.25 660.46 232.11 1.68 0.78 0.95 0.02 0.87 1.03 -1.58 0.98
Pedestrian 0.0 0 -1.70 723.81 160.59 723.57 215.97 1.72 0.78 0.82 0.12 0.87 1.07 -1.53 0.97
Pedestrian 0.0 0 -2.71 482.37 164.78 489.32 236.39 1.78 0.63 0.67 -0.23 0.92 1.08 -2.87 0.97
Pedestrian 0.0 0 -1.59 625.04 161.19 623.18 214.62 1.75 0.82 0.89 -0.03 0.89 1.03 -1.56 0.97
Pedestrian 0.0 0 1.62 489.03 167.86 504.15 258.43 1.68 0.69 0.94 -0.19 0.88 0.92 1.48 0.91
Pedestrian 0.0 0 0.76 143.63 225.01 306.43 369.06 1.35 0.60 0.73 -0.58 0.84 0.99 0.28 0.24
Car 0.0 0 1.59 562.76 169.49 572.74 190.73 1.51 1.66 4.31 -0.11 0.75 1.02 1.54 0.99
