Pedestrian 0.0 0 1.32 465.74 146.22 471.92 233.21 1.79 0.65 0.92 -0.25 0.91 0.98 1.13 0.99
Pedestrian 0.0 0 1.38 633.33 146.37 650.39 265.66 1.81 0.65 0.93 -0.01 0.94 0.94 1.44 0.99
Pedestrian 0.0 0 1.26 599.73 140.26 610.32 239.51 1.84 0.71 0.97 -0.06 0.93 0.99 1.26 0.99
Pedestrian 0.0 0 1.22 685.32 137.60 703.08 259.23 1.85 0.59 0.93 0.06 0.95 0.93 1.35 0.99
Pedestrian 0.0 0 0.74 287.89 147.99 298.63 241.28 1.82 0.67 0.78 -0.52 0.93 1.03 0.33 0.99
Pedestrian 0.0 0 1.28 496.47 155.48 498.25 231.48 1.79 0.62 0.84 -0.21 0.92 0.97 1.13 0.98
Pedestrian 0.0 0 1.28 555.32 153.85 558.94 233.54 1.76 0.65 0.82 -0.12 0.90 0.96 1.21 0.98
Pedestrian 0.0 0 0.34 1068.33 124.28 1216.50 370.05 1.78 0.68 0.95 0.69 0.99 0.99 0.99 0.97
Pedestrian 0.0 0 1.25 519.07 135.12 531.23 237.16 1.80 0.69 1.03 -0.17 0.91 0.98 1.14 0.96
Pedestrian 0.0 0 1.24 573.47 141.03 581.67 232.24 1.81 0.67 0.98 -0.10 0.92 0.93 1.20 0.96
Pedestrian 0.0 0 1.07 648.61 145.97 651.42 219.89 1.68 0.64 0.88 0.00 0.84 0.98 1.14 0.91
Pedestrian 0.0 0 -1.90 702.30 146.96 700.26 210.32 1.71 0.62 0.78 0.07 0.85 0.96 -1.76 0.86
Pedestrian 0.0 0 0.39 1146.09 153.39 1209.75 372.53 1.71 0.51 0.89 0.73 0.97 0.96 1.07 0.39
Cyclist 0.0 0 -2.95 337.17 157.27 346.11 190.20 1.69 0.55 1.46 -0.42 0.84 0.97 2.97 0.86
