Car 0.0 0 1.87 319.36 192.32 436.98 272.07 1.49 1.60 3.87 -0.36 0.82 0.93 1.56 1.00
Car 0.0 0 -1.92 804.50 182.55 1016.01 316.80 1.44 1.61 3.86 0.30 0.81 0.85 -1.52 1.00
Car 0.0 0 2.02 70.86 197.32 350.27 356.24 1.47 1.59 3.83 -0.53 0.86 0.84 1.52 1.00
Car 0.0 0 -1.82 743.07 180.21 852.62 260.79 1.50 1.60 3.92 0.17 0.81 0.89 -1.57 1.00
Car 0.0 0 -2.28 976.93 193.16 1229.46 369.94 1.48 1.58 3.62 0.51 0.86 0.83 -1.68 1.00
Car 0.0 0 1.84 403.30 186.29 479.58 240.04 1.45 1.59 3.84 -0.28 0.78 0.95 1.62 1.00
Car 0.0 0 -1.74 720.85 179.93 786.52 236.48 1.55 1.63 3.92 0.12 0.82 0.89 -1.54 1.00
Car 0.0 0 -1.66 699.93 178.51 727.94 213.41 1.55 1.62 3.81 0.08 0.81 0.94 -1.52 0.99
Car 0.0 0 -1.69 710.42 178.62 751.05 221.76 1.53 1.58 3.63 0.10 0.80 0.93 -1.52 0.99
Car 0.0 0 1.75 512.87 182.39 540.57 208.67 1.45 1.64 3.88 -0.17 0.76 0.99 1.64 0.98
