Pedestrian 0.0 0 0.34 231.26 167.22 229.07 217.12 1.77 0.48 0.48 -0.60 0.91 1.03 -0.15 0.98
Pedestrian 0.0 0 -2.48 113.70 171.70 114.10 205.28 1.68 0.58 0.80 -0.76 0.86 1.02 -3.08 0.97
Pedestrian 0.0 0 -2.37 82.71 175.62 81.46 208.71 1.64 0.50 0.86 -0.78 0.85 0.98 -3.00 0.97
Pedestrian 0.0 0 2.86 599.70 167.68 603.19 199.97 1.76 0.69 1.14 -0.07 0.89 0.93 2.85 0.93
Car 0.0 0 1.32 553.20 161.07 586.74 192.95 1.61 1.68 4.34 -0.11 0.81 0.93 1.26 1.00
Car 0.0 0 -2.48 839.69 167.40 876.79 185.51 1.47 1.46 3.45 0.27 0.74 0.95 -2.15 1.00
Car 0.0 0 -1.97 634.69 168.79 672.29 192.25 1.56 1.67 3.78 -0.00 0.79 0.93 -1.91 0.99
Car 0.0 0 -2.42 908.20 171.75 942.97 188.13 1.45 1.52 3.67 0.34 0.74 0.90 -2.00 0.99
Car 0.0 0 0.45 1036.37 168.70 1071.47 183.04 1.54 1.60 4.06 0.49 0.77 0.90 1.01 0.97
Car 0.0 0 -1.99 804.53 170.41 831.53 189.11 1.43 1.62 3.79 0.19 0.72 0.87 -1.71 0.97
Car 0.0 0 0.32 1053.65 169.23 1093.51 182.65 1.47 1.64 4.21 0.54 0.74 0.93 0.89 0.93
Car 0.0 0 -2.38 878.54 171.19 910.40 188.01 1.48 1.52 3.42 0.27 0.75 0.84 -2.00 0.92
Car 0.0 0 -2.30 590.02 168.09 614.09 194.72 1.57 1.38 2.76 -0.07 0.80 0.93 -2.31 0.92
Car 0.0 0 0.59 958.10 173.08 989.16 186.81 1.49 1.61 4.01 0.40 0.75 0.90 1.05 0.91
Car 0.0 0 -2.39 9.06 177.73 45.56 224.60 1.50 1.63 3.57 -0.86 0.79 0.99 -3.07 0.65
Car 0.0 0 -2.32 934.72 172.18 966.71 188.02 1.43 1.52 3.60 0.40 0.72 0.96 -1.88 0.38
