Car 0.0 0 2.10 71.79 205.89 308.51 323.81 1.43 1.56 3.99 -0.55 0.83 0.85 1.57 1.00
Car 0.0 0 -1.91 767.97 180.89 1021.00 342.47 1.44 1.59 3.73 0.27 0.82 0.83 -1.54 1.00
Car 0.0 0 1.86 331.07 181.70 425.88 250.53 1.56 1.66 4.08 -0.36 0.84 0.94 1.55 1.00
Car 0.0 0 1.81 405.77 180.09 462.78 227.65 1.54 1.64 3.96 -0.29 0.81 0.95 1.57 1.00
Car 0.0 0 2.97 708.65 170.29 758.10 190.33 1.53 1.68 4.32 0.11 0.78 0.99 3.14 0.99
Car 0.0 0 1.75 520.44 183.91 531.22 199.43 1.41 1.59 3.96 -0.17 0.73 0.98 1.63 0.99
Car 0.0 0 1.75 471.30 185.82 499.94 213.33 1.48 1.65 4.06 -0.22 0.77 0.93 1.58 0.99
Car 0.0 0 2.43 9.77 231.02 66.76 371.68 1.43 1.63 3.96 -0.85 0.89 0.99 1.76 0.98
Car 0.0 0 -1.64 648.25 177.18 651.27 191.68 1.42 1.64 3.73 -0.01 0.73 0.97 -1.58 0.98
Car 0.0 0 1.68 552.46 179.78 563.99 198.09 1.47 1.64 3.94 -0.13 0.76 1.04 1.61 0.97
