Pedestrian 0.0 0 0.40 556.32 164.47 549.94 216.13 1.69 0.59 0.70 -0.13 0.86 1.03 0.32 0.99
Pedestrian 0.0 0 0.23 418.77 163.81 415.68 224.41 1.74 0.61 1.06 -0.32 0.89 0.99 -0.02 0.99
Pedestrian 0.0 0 0.63 254.39 180.18 251.72 223.91 1.67 0.59 0.74 -0.56 0.87 1.00 0.17 0.97
Pedestrian 0.0 0 -2.87 339.85 173.02 334.92 222.85 1.79 0.64 0.94 -0.46 0.92 1.06 3.05 0.97
Car 0.0 0 -1.38 418.02 181.59 496.91 245.78 1.39 1.61 3.75 -0.26 0.74 0.94 -1.59 1.00
Car 0.0 0 -0.46 989.88 161.41 1067.86 185.73 1.51 1.71 4.30 0.52 0.75 0.96 0.08 1.00
Car 0.0 0 -0.75 1087.84 149.00 1178.70 181.92 1.56 1.62 4.14 0.69 0.76 1.00 -0.11 1.00
Cyclist 0.0 0 -0.31 945.74 151.03 985.61 203.91 1.71 0.64 1.77 0.48 0.85 1.05 0.16 1.00
Cyclist 0.0 0 -0.60 717.96 161.55 730.90 193.71 1.77 0.63 1.69 0.11 0.88 0.99 -0.43 1.00
Cyclist 0.0 0 -0.37 871.25 159.08 898.02 196.11 1.69 0.64 1.70 0.35 0.84 1.02 0.01 0.99
Cyclist 0.0 0 -0.83 829.21 158.17 845.53 197.17 1.73 0.59 1.73 0.27 0.86 0.99 -0.51 0.98
Cyclist 0.0 0 -0.26 318.99 173.64 332.24 230.30 1.78 0.63 1.38 -0.45 0.92 0.98 -0.64 0.97
