Car 0.0 0 1.94 191.58 204.39 405.87 341.98 1.42 1.57 3.71 -0.44 0.83 0.88 1.53 1.00
Car 0.0 0 2.84 766.74 166.59 878.00 210.41 1.62 1.67 4.07 0.21 0.83 0.93 3.13 1.00
Car 0.0 0 1.69 483.64 187.20 504.86 213.49 1.49 1.64 3.82 -0.22 0.78 1.00 1.53 1.00
Car 0.0 0 -1.69 666.91 184.99 714.06 230.89 1.46 1.61 3.57 0.05 0.78 0.96 -1.58 1.00
Car 0.0 0 2.73 820.67 156.98 961.49 220.74 1.75 1.68 3.87 0.30 0.89 0.93 3.10 0.99
Car 0.0 0 -1.40 427.55 189.13 473.59 227.25 1.43 1.60 3.77 -0.27 0.76 0.95 -1.62 0.99
Car 0.0 0 1.91 314.36 197.54 401.62 253.47 1.46 1.56 3.70 -0.39 0.80 0.94 1.58 0.99
Car 0.0 0 2.40 7.81 232.66 190.10 369.46 1.42 1.67 4.23 -0.75 0.88 0.97 1.79 0.99
Car 0.0 0 2.70 841.19 164.00 1051.89 231.20 1.50 1.71 4.59 0.35 0.78 0.87 3.14 0.99
Car 0.0 0 -0.54 1134.54 143.09 1222.50 179.68 1.55 1.84 4.76 0.74 0.76 1.01 0.13 0.44
