Car 0.0 0 -1.78 705.98 172.59 818.59 270.03 1.61 1.60 3.69 0.13 0.86 0.91 -1.57 1.00
Car 0.0 0 -1.64 670.55 182.01 699.83 218.42 1.51 1.61 3.61 0.04 0.79 0.92 -1.54 1.00
Car 0.0 0 -2.13 847.20 198.87 1230.98 371.91 1.47 1.59 3.68 0.46 0.87 0.86 -1.59 1.00
Car 0.0 0 0.48 108.05 182.19 376.73 276.23 1.60 1.66 4.17 -0.52 0.87 0.89 0.01 1.00
Car 0.0 0 0.40 211.64 177.85 410.20 256.77 1.56 1.63 3.76 -0.44 0.84 0.91 0.01 0.99
Car 0.0 0 0.24 370.99 182.60 474.46 226.33 1.51 1.63 3.87 -0.30 0.80 0.93 -0.01 0.99
Car 0.0 0 0.22 401.46 174.58 498.99 219.57 1.62 1.60 3.82 -0.27 0.84 0.95 0.00 0.99
Car 0.0 0 0.11 468.67 169.20 526.76 191.55 1.61 1.77 4.59 -0.21 0.82 0.96 -0.05 0.99
Car 0.0 0 -2.74 259.43 169.85 401.55 240.51 1.86 1.61 3.19 -0.42 0.97 0.94 -3.11 0.99
Car 0.0 0 -2.80 303.87 184.05 421.35 233.50 1.55 1.57 3.52 -0.38 0.82 0.93 -3.13 0.98
Car 0.0 0 -1.67 636.98 178.43 639.40 190.29 1.41 1.61 3.72 -0.02 0.72 0.97 -1.63 0.96
Cyclist 0.0 0 1.57 586.74 174.95 576.48 193.00 1.71 0.59 1.62 -0.10 0.87 1.07 1.53 0.98
