Car 0.0 0 -2.59 15.93 174.51 278.39 298.70 1.68 1.58 3.48 -0.59 0.91 0.83 3.13 1.00
Car 0.0 0 -2.92 296.69 175.74 436.83 234.30 1.60 1.62 3.90 -0.37 0.84 0.92 3.04 1.00
Car 0.0 0 0.68 6.43 184.59 263.41 337.86 1.57 1.68 4.25 -0.59 0.89 0.80 0.10 0.99
Car 0.0 0 -0.45 872.24 181.06 1197.25 301.72 1.57 1.68 4.10 0.44 0.86 0.85 0.08 0.99
Car 0.0 0 -0.27 726.33 176.65 838.72 225.82 1.62 1.69 4.07 0.17 0.85 0.94 -0.04 0.99
Car 0.0 0 -2.01 821.33 188.75 1223.65 373.62 1.51 1.58 3.75 0.42 0.88 0.84 -1.49 0.99
Car 0.0 0 -2.75 139.37 188.04 369.83 276.94 1.52 1.59 3.84 -0.52 0.84 0.93 3.08 0.99
Car 0.0 0 -2.77 190.72 179.87 391.13 254.97 1.52 1.62 3.80 -0.47 0.82 0.94 3.10 0.99
Car 0.0 0 3.32 451.08 179.78 520.53 206.36 1.44 1.66 4.27 -0.23 0.75 0.97 -3.13 0.98
Car 0.0 0 -1.70 644.79 181.27 663.20 204.52 1.44 1.59 3.72 0.00 0.75 1.02 -1.64 0.98
Car 0.0 0 -2.90 427.51 180.12 505.85 211.65 1.48 1.58 3.83 -0.24 0.77 0.90 -3.10 0.98
Car 0.0 0 0.25 320.95 168.39 460.26 233.02 1.72 1.70 3.90 -0.35 0.90 0.94 -0.04 0.98
Car 0.0 0 0.83 10.31 181.30 123.89 373.42 1.62 1.65 4.17 -0.74 0.94 0.91 0.18 0.97
Car 0.0 0 -0.36 804.42 186.49 953.33 246.73 1.48 1.58 3.92 0.29 0.80 0.93 0.00 0.97
Car 0.0 0 2.80 752.33 181.33 885.64 235.30 1.61 1.70 4.00 0.21 0.85 0.91 3.08 0.96
Car 0.0 0 -1.63 636.37 180.00 639.22 195.91 1.48 1.57 3.64 -0.02 0.76 0.99 -1.60 0.95
Car 0.0 0 -0.44 841.21 183.40 1052.78 275.21 1.56 1.58 3.66 0.39 0.86 0.95 -0.01 0.94
Car 0.0 0 -0.44 793.22 185.37 916.98 239.12 1.53 1.58 3.87 0.26 0.82 0.95 -0.11 0.94
Cyclist 0.0 0 1.65 553.14 180.74 545.95 210.99 1.70 0.62 1.67 -0.14 0.88 1.02 1.57 0.99
