Pedestrian 0.0 0 2.73 810.92 156.00 860.49 316.07 1.81 0.66 0.94 0.28 0.99 1.04 3.05 1.00
Pedestrian 0.0 0 2.10 182.41 161.31 236.47 336.09 1.73 0.71 0.97 -0.58 0.95 0.95 1.60 0.99
Pedestrian 0.0 0 -3.06 1024.25 134.71 1129.22 361.19 1.77 0.66 1.18 0.70 0.99 1.14 -2.47 0.99
Pedestrian 0.0 0 -2.91 84.66 177.05 123.88 304.09 1.74 0.67 0.97 -0.84 0.96 1.13 2.77 0.99
Pedestrian 0.0 0 1.78 530.28 171.16 534.02 228.03 1.71 0.72 0.93 -0.16 0.88 1.01 1.68 0.99
Pedestrian 0.0 0 -1.22 382.51 171.11 384.92 237.33 1.74 0.70 0.78 -0.36 0.90 1.01 -1.52 0.98
Pedestrian 0.0 0 -2.40 9.05 177.76 88.66 366.78 1.69 0.74 0.94 -0.89 0.98 1.07 -3.05 0.98
Pedestrian 0.0 0 3.02 616.54 169.51 616.12 224.15 1.79 0.78 0.95 -0.04 0.92 1.01 3.04 0.95
Pedestrian 0.0 0 2.74 626.42 166.44 630.12 228.24 1.81 0.73 0.99 -0.02 0.93 1.04 2.78 0.95
Pedestrian 0.0 0 -2.10 776.47 176.77 793.22 264.73 1.61 0.72 0.84 0.20 0.86 1.02 -1.84 0.28
Car 0.0 0 1.85 375.10 154.12 488.89 254.14 1.81 1.67 4.15 -0.28 0.93 0.93 1.62 1.00
Car 0.0 0 1.72 468.10 172.43 508.76 219.50 1.63 1.63 4.09 -0.21 0.83 0.94 1.57 0.99
