Car 0.0 0 -1.89 766.39 177.09 974.18 313.81 1.50 1.63 3.88 0.25 0.84 0.85 -1.55 1.00
Car 0.0 0 1.93 159.74 197.63 413.64 357.16 1.45 1.57 3.73 -0.46 0.86 0.88 1.51 1.00
Car 0.0 0 -2.19 891.99 191.46 1233.78 370.99 1.48 1.58 3.64 0.46 0.86 0.83 -1.62 1.00
Car 0.0 0 -1.73 659.54 173.83 695.87 210.13 1.57 1.64 3.89 0.03 0.81 0.93 -1.63 1.00
Car 0.0 0 2.34 8.54 215.70 237.31 370.54 1.49 1.65 4.02 -0.67 0.90 0.91 1.75 1.00
Car 0.0 0 3.06 792.13 175.96 875.67 209.64 1.64 1.69 4.25 0.24 0.85 0.97 -2.92 1.00
Car 0.0 0 -1.88 599.81 178.69 619.99 197.38 1.48 1.64 3.64 -0.06 0.76 0.95 -1.88 0.99
Car 0.0 0 2.43 561.15 177.22 586.26 189.80 1.54 1.56 4.05 -0.11 0.79 0.97 2.39 0.99
Car 0.0 0 2.81 1064.55 140.10 1236.30 230.73 1.70 1.62 3.62 0.64 0.87 0.93 -2.83 0.99
Cyclist 0.0 0 1.80 491.28 177.16 488.35 199.04 1.65 0.60 1.59 -0.23 0.85 1.04 1.63 0.98
