Car 0.0 0 -2.47 9.41 193.99 196.08 353.50 1.48 1.64 4.11 -0.65 0.86 0.84 -3.09 1.00
Car 0.0 0 -1.80 708.11 172.57 849.28 285.23 1.56 1.61 3.66 0.15 0.85 0.91 -1.57 1.00
Car 0.0 0 0.57 16.08 193.54 317.25 303.63 1.50 1.61 3.97 -0.58 0.84 0.85 0.02 1.00
Car 0.0 0 -2.66 103.92 187.30 357.48 278.63 1.53 1.61 3.87 -0.54 0.84 0.91 3.14 1.00
Car 0.0 0 -1.73 672.36 181.83 722.34 228.89 1.47 1.56 3.85 0.05 0.78 0.93 -1.61 1.00
Car 0.0 0 -1.74 687.01 182.96 765.30 249.61 1.51 1.58 3.79 0.08 0.81 0.89 -1.58 1.00
Car 0.0 0 0.29 293.38 174.49 455.06 242.93 1.63 1.60 3.87 -0.37 0.86 0.94 -0.03 1.00
Car 0.0 0 -2.80 267.64 183.81 416.95 249.51 1.57 1.56 3.52 -0.40 0.84 0.91 3.12 0.99
Car 0.0 0 -2.92 367.14 178.07 478.57 222.25 1.53 1.64 4.12 -0.30 0.80 0.91 3.11 0.99
Car 0.0 0 -1.65 651.42 181.86 672.66 209.50 1.50 1.58 3.81 0.01 0.78 0.93 -1.58 0.99
Car 0.0 0 -2.72 206.34 184.53 383.19 256.74 1.50 1.54 3.46 -0.47 0.81 0.94 -3.13 0.97
Car 0.0 0 0.19 476.56 176.26 527.55 200.19 1.48 1.60 3.86 -0.20 0.76 0.91 0.04 0.91
Car 0.0 0 -2.97 463.63 176.33 509.89 200.12 1.54 1.58 3.51 -0.22 0.79 0.95 -3.13 0.56
