Car 0.0 0 -1.69 663.89 176.31 691.98 208.37 1.48 1.59 3.87 0.03 0.77 0.97 -1.60 1.00
Car 0.0 0 1.75 457.83 188.64 491.28 219.58 1.44 1.61 3.88 -0.25 0.77 1.00 1.57 1.00
Car 0.0 0 1.77 426.99 191.60 472.30 231.73 1.49 1.62 3.80 -0.26 0.80 0.92 1.56 1.00
Car 0.0 0 -1.07 99.59 208.36 160.00 238.55 1.43 1.60 3.99 -0.70 0.79 0.97 -1.66 0.99
Car 0.0 0 -1.11 142.30 203.69 207.08 235.76 1.47 1.60 3.79 -0.70 0.81 1.06 -1.66 0.99
Car 0.0 0 1.71 492.25 183.57 512.90 208.39 1.50 1.63 3.97 -0.21 0.78 0.98 1.57 0.99
Car 0.0 0 -0.92 42.26 210.27 120.59 240.27 1.40 1.62 4.18 -0.82 0.77 1.03 -1.55 0.99
Car 0.0 0 1.65 582.04 179.36 581.42 188.51 1.34 1.60 4.03 -0.10 0.69 0.96 1.61 0.97
Car 0.0 0 -1.20 202.01 203.29 257.06 236.17 1.43 1.59 3.72 -0.58 0.78 0.98 -1.68 0.97
Car 0.0 0 2.49 6.50 233.48 102.61 376.09 1.43 1.66 4.17 -0.88 0.91 1.06 1.84 0.69
