Car 0.0 0 -2.84 342.02 193.43 461.66 239.75 1.48 1.60 4.00 -0.33 0.79 0.94 -3.12 1.00
Car 0.0 0 -2.39 824.16 183.70 997.42 257.20 1.41 1.59 3.92 0.30 0.76 0.85 -1.99 1.00
Car 0.0 0 -2.52 14.08 200.12 255.39 338.78 1.46 1.60 4.00 -0.63 0.85 0.86 -3.10 1.00
Car 0.0 0 -2.33 10.85 198.82 129.56 373.39 1.50 1.63 4.00 -0.74 0.89 0.91 -2.98 0.99
Car 0.0 0 -2.66 101.23 189.93 361.04 291.46 1.57 1.61 3.72 -0.53 0.87 0.90 3.14 0.99
Car 0.0 0 -1.73 651.73 189.51 689.07 226.19 1.45 1.55 3.66 0.02 0.77 0.96 -1.65 0.99
Car 0.0 0 -1.66 633.41 188.14 651.23 213.01 1.48 1.58 3.78 -0.01 0.78 1.02 -1.62 0.98
Car 0.0 0 -2.88 280.28 199.21 405.54 249.78 1.46 1.55 3.54 -0.40 0.79 0.91 3.05 0.96
Car 0.0 0 0.21 456.74 192.10 516.58 216.95 1.46 1.61 4.02 -0.21 0.77 0.90 0.04 0.95
Car 0.0 0 -2.75 219.87 193.99 386.28 264.10 1.56 1.57 3.47 -0.47 0.86 0.96 3.13 0.94
