Car 0.0 0 -2.62 18.45 179.52 251.52 309.82 1.56 1.54 3.50 -0.62 0.87 0.86 3.08 1.00
Car 0.0 0 -1.77 722.27 191.26 818.64 266.49 1.46 1.59 3.85 0.14 0.80 0.90 -1.55 1.00
Car 0.0 0 0.42 130.60 183.49 394.00 281.66 1.57 1.66 4.08 -0.50 0.86 0.92 -0.03 1.00
Car 0.0 0 1.67 545.13 184.67 570.38 215.19 1.46 1.64 3.89 -0.13 0.76 0.95 1.60 1.00
Car 0.0 0 -1.68 667.51 179.07 696.20 213.01 1.55 1.61 3.89 0.04 0.81 0.96 -1.59 1.00
Car 0.0 0 -2.02 816.31 213.52 1237.40 371.52 1.36 1.55 3.77 0.41 0.81 0.80 -1.50 1.00
Car 0.0 0 3.37 324.71 177.12 463.75 233.38 1.56 1.63 4.03 -0.35 0.82 0.97 3.08 1.00
Car 0.0 0 -2.89 461.13 177.73 525.68 207.05 1.50 1.60 3.78 -0.22 0.77 0.96 -3.05 0.99
Car 0.0 0 0.42 228.55 185.16 424.20 257.48 1.53 1.61 3.87 -0.43 0.83 0.95 0.04 0.99
Car 0.0 0 0.73 5.72 167.46 217.58 347.09 1.68 1.67 4.27 -0.64 0.94 0.84 0.12 0.96
Car 0.0 0 -1.75 647.97 179.92 651.68 196.12 1.56 1.50 3.24 -0.01 0.80 0.95 -1.69 0.85
Car 0.0 0 0.44 273.31 179.99 443.37 239.04 1.56 1.63 4.12 -0.41 0.83 1.02 0.10 0.27
