Car 0.0 0 -1.71 688.98 187.10 754.07 245.62 1.44 1.56 3.59 0.08 0.78 0.93 -1.56 1.00
Car 0.0 0 0.48 20.50 176.70 360.26 297.49 1.64 1.68 4.34 -0.57 0.90 0.88 -0.05 1.00
Car 0.0 0 -0.15 754.24 185.25 858.41 222.95 1.53 1.65 4.20 0.19 0.80 0.92 0.11 1.00
Car 0.0 0 0.43 198.57 180.90 390.70 253.38 1.53 1.58 3.62 -0.46 0.82 0.92 0.02 1.00
Car 0.0 0 0.34 321.48 170.20 477.06 232.00 1.57 1.65 3.92 -0.33 0.82 0.91 0.05 0.99
Car 0.0 0 -2.38 14.15 188.33 94.49 359.98 1.51 1.61 3.89 -0.79 0.89 0.94 -3.04 0.99
Car 0.0 0 -2.78 261.73 181.40 383.79 236.15 1.58 1.51 3.02 -0.43 0.84 0.93 3.12 0.97
Car 0.0 0 0.27 370.66 164.98 499.35 220.26 1.66 1.62 3.77 -0.28 0.86 0.93 0.03 0.96
Car 0.0 0 -2.64 110.08 180.08 327.97 268.02 1.65 1.52 2.91 -0.56 0.89 0.91 -3.13 0.95
Car 0.0 0 -1.67 640.12 178.43 643.24 191.71 1.40 1.60 3.67 -0.02 0.72 1.00 -1.63 0.88
