Car 0.0 0 -1.08 104.88 185.28 217.10 240.01 1.46 1.60 3.83 -0.66 0.77 0.96 -1.63 1.00
Car 0.0 0 -1.57 579.64 180.54 647.20 252.94 1.56 1.67 3.52 -0.05 0.82 0.93 -1.56 1.00
Car 0.0 0 -1.17 267.91 184.41 366.48 240.70 1.52 1.61 3.86 -0.44 0.80 0.94 -1.56 1.00
Car 0.0 0 -1.33 352.09 190.70 444.09 259.07 1.40 1.61 3.81 -0.33 0.75 0.94 -1.61 1.00
Car 0.0 0 -1.41 454.02 185.03 500.20 225.34 1.42 1.60 3.98 -0.24 0.74 0.99 -1.58 1.00
Car 0.0 0 -0.86 10.57 187.41 80.69 262.14 1.47 1.67 4.05 -0.84 0.79 1.00 -1.53 1.00
Car 0.0 0 -0.78 11.27 202.35 194.64 375.97 1.44 1.65 3.80 -0.72 0.85 0.93 -1.40 1.00
Car 0.0 0 -1.49 639.67 182.41 651.40 203.33 1.49 1.63 3.71 -0.01 0.76 1.00 -1.44 0.98
Car 0.0 0 -1.26 689.23 183.28 697.07 195.28 1.38 1.52 3.55 0.06 0.70 1.04 -1.14 0.94
Car 0.0 0 -1.25 375.14 179.72 411.69 206.53 1.53 1.67 4.10 -0.39 0.78 1.12 -1.54 0.49
