Car 0.0 0 1.93 225.95 198.99 378.98 290.65 1.46 1.61 3.94 -0.45 0.82 0.91 1.53 1.00
Car 0.0 0 1.84 349.77 195.04 430.91 253.11 1.47 1.61 3.84 -0.34 0.80 0.93 1.55 1.00
Car 0.0 0 2.84 817.87 156.04 929.56 197.02 1.58 1.71 4.49 0.27 0.79 0.90 -3.09 1.00
Car 0.0 0 1.80 411.51 191.65 463.28 234.88 1.45 1.55 3.65 -0.30 0.78 1.00 1.57 1.00
Car 0.0 0 -1.71 675.01 176.59 704.41 208.09 1.47 1.62 3.74 0.04 0.76 0.90 -1.60 0.99
Car 0.0 0 1.76 451.71 188.22 489.09 222.33 1.40 1.59 3.75 -0.25 0.75 1.00 1.57 0.99
Car 0.0 0 1.76 494.30 187.38 516.49 212.33 1.47 1.57 3.93 -0.21 0.77 1.00 1.62 0.99
Car 0.0 0 -0.62 1079.72 139.45 1181.80 172.74 1.57 1.83 4.61 0.63 0.76 0.96 0.00 0.99
Car 0.0 0 -0.62 1113.63 138.18 1220.92 173.75 1.56 1.80 4.49 0.69 0.76 0.96 0.04 0.98
Car 0.0 0 2.87 780.21 159.65 857.94 193.40 1.65 1.67 3.89 0.22 0.83 0.96 -3.13 0.98
Car 0.0 0 -0.74 1188.91 134.11 1232.91 170.83 1.54 1.74 4.16 0.71 0.74 0.92 -0.05 0.98
Car 0.0 0 -0.64 1148.62 138.68 1232.30 172.93 1.50 1.72 4.18 0.69 0.73 0.93 0.04 0.97
Car 0.0 0 2.80 804.73 158.13 889.18 194.24 1.62 1.67 4.00 0.24 0.81 0.91 3.11 0.93
Car 0.0 0 -1.74 622.11 177.91 621.86 189.94 1.42 1.53 3.51 -0.04 0.72 0.92 -1.72 0.44
