Car 0.0 0 3.26 966.72 171.33 1150.30 237.65 1.51 1.56 3.88 0.50 0.80 0.90 -2.46 1.00
Car 0.0 0 1.72 484.89 186.87 519.06 220.85 1.48 1.64 3.92 -0.20 0.78 0.97 1.58 1.00
Car 0.0 0 -1.74 697.80 191.35 763.24 248.83 1.45 1.58 3.70 0.10 0.79 0.93 -1.57 1.00
Car 0.0 0 -2.27 964.51 212.90 1233.54 372.78 1.39 1.54 3.53 0.53 0.84 0.87 -1.68 1.00
Car 0.0 0 -2.87 926.62 179.59 1069.68 228.57 1.49 1.51 3.98 0.44 0.78 0.92 -2.38 1.00
Car 0.0 0 2.41 7.09 226.73 183.33 367.76 1.42 1.65 4.11 -0.75 0.88 0.97 1.79 1.00
Car 0.0 0 -2.87 865.12 179.95 988.40 221.94 1.46 1.55 4.25 0.36 0.77 0.96 -2.46 0.99
Car 0.0 0 -1.66 685.53 187.05 725.04 228.82 1.51 1.63 3.81 0.06 0.80 0.93 -1.53 0.99
Car 0.0 0 -1.60 665.63 181.52 673.97 202.21 1.50 1.60 3.92 0.02 0.77 0.95 -1.51 0.99
Car 0.0 0 0.25 288.17 191.49 357.92 216.65 1.56 1.71 4.28 -0.45 0.82 0.97 -0.13 0.57
