Car 0.0 0 1.94 231.76 200.23 366.20 280.72 1.46 1.60 3.93 -0.45 0.82 0.91 1.53 1.00
Car 0.0 0 -1.72 680.98 182.50 738.87 234.26 1.44 1.59 3.79 0.07 0.77 0.94 -1.58 1.00
Car 0.0 0 2.80 791.80 163.31 924.41 213.68 1.64 1.70 4.26 0.26 0.84 0.91 3.13 1.00
Car 0.0 0 2.29 11.53 214.34 306.41 372.12 1.45 1.65 4.15 -0.62 0.88 0.89 1.73 1.00
Car 0.0 0 -1.36 412.94 188.00 462.47 229.44 1.49 1.61 3.92 -0.29 0.79 0.96 -1.60 1.00
Car 0.0 0 2.68 852.93 147.39 1056.17 231.55 1.67 1.67 3.91 0.38 0.86 0.92 3.13 0.99
Car 0.0 0 2.63 901.26 160.48 1167.30 243.01 1.49 1.72 4.44 0.44 0.78 0.85 -3.12 0.99
Car 0.0 0 1.73 476.44 185.89 502.43 213.49 1.49 1.62 4.04 -0.22 0.78 0.99 1.56 0.99
Car 0.0 0 -0.65 1094.53 150.59 1222.28 194.13 1.50 1.73 4.48 0.68 0.75 0.96 -0.00 0.99
Car 0.0 0 -0.58 1044.84 152.16 1153.59 185.29 1.52 1.76 4.45 0.62 0.76 1.00 0.01 0.95
