Car 0.0 0 -1.69 646.39 182.34 692.41 226.88 1.45 1.60 3.74 0.02 0.77 0.94 -1.60 1.00
Car 0.0 0 -2.83 290.26 184.00 435.21 240.78 1.58 1.62 3.71 -0.37 0.84 0.89 3.13 1.00
Car 0.0 0 0.23 427.48 183.49 489.29 208.24 1.53 1.68 4.08 -0.26 0.80 0.95 0.02 1.00
Car 0.0 0 2.33 1113.19 193.55 1235.76 369.61 1.46 1.65 4.06 0.67 0.87 0.93 3.00 0.99
Car 0.0 0 0.25 347.30 183.59 441.42 225.30 1.60 1.62 3.84 -0.35 0.84 0.97 -0.04 0.99
Car 0.0 0 -0.56 910.93 181.25 1237.94 350.96 1.51 1.64 4.10 0.54 0.87 0.94 0.01 0.99
Car 0.0 0 -1.62 629.95 179.30 644.63 205.04 1.48 1.63 3.67 -0.02 0.77 0.97 -1.59 0.98
Car 0.0 0 -2.75 210.82 185.54 402.60 248.04 1.42 1.65 4.23 -0.45 0.77 0.92 3.14 0.98
Car 0.0 0 -0.59 863.40 167.10 1198.48 308.21 1.59 1.66 4.07 0.46 0.87 0.90 -0.06 0.97
Car 0.0 0 1.11 12.97 186.89 112.99 367.99 1.54 1.62 3.98 -0.77 0.91 0.94 0.46 0.81
Car 0.0 0 0.95 9.99 170.63 107.89 360.25 1.65 1.68 4.29 -0.78 0.95 0.94 0.29 0.77
Cyclist 0.0 0 1.82 389.97 186.37 430.55 287.43 1.74 0.63 1.71 -0.32 0.95 0.95 1.55 0.99
