Pedestrian 0.0 0 0.70 932.35 166.58 998.80 366.61 1.63 0.56 0.80 0.43 0.93 0.95 1.17 1.00
Pedestrian 0.0 0 1.11 557.80 147.20 581.39 272.34 1.84 0.66 0.95 -0.11 0.96 1.00 1.06 0.99
Pedestrian 0.0 0 0.94 344.98 170.61 410.94 370.44 1.61 0.55 0.75 -0.36 0.93 0.94 0.63 0.99
Pedestrian 0.0 0 0.99 658.13 137.05 768.85 380.87 1.83 0.64 0.90 0.09 1.02 0.95 1.14 0.99
Pedestrian 0.0 0 0.86 253.33 142.28 277.79 263.11 1.85 0.64 0.88 -0.55 0.96 1.02 0.41 0.99
Pedestrian 0.0 0 0.84 828.17 159.39 894.74 358.13 1.64 0.54 0.82 0.29 0.93 0.96 1.19 0.99
Pedestrian 0.0 0 -2.60 653.62 147.37 647.60 200.41 1.74 0.43 0.73 0.00 0.86 0.99 -2.54 0.98
Pedestrian 0.0 0 0.44 1029.02 113.56 1214.36 372.28 1.81 0.69 0.95 0.67 0.99 0.99 1.08 0.98
Pedestrian 0.0 0 0.88 806.00 169.60 868.78 363.20 1.71 0.63 0.80 0.25 0.97 0.93 1.20 0.97
Pedestrian 0.0 0 1.19 659.75 152.70 679.48 268.55 1.81 0.60 0.97 0.03 0.95 0.96 1.29 0.96
Pedestrian 0.0 0 1.03 768.65 141.37 786.72 255.39 1.78 0.63 1.02 0.19 0.92 1.00 1.27 0.94
Pedestrian 0.0 0 1.14 684.98 127.36 734.96 310.62 1.88 0.65 0.93 0.08 0.99 0.91 1.29 0.94
Pedestrian 0.0 0 -2.87 706.08 141.87 704.17 207.04 1.81 0.52 0.88 0.08 0.90 0.99 -2.73 0.93
Pedestrian 0.0 0 0.93 705.61 142.29 825.63 367.83 1.69 0.58 0.91 0.16 0.95 0.97 1.15 0.91
