Car 0.0 0 -1.87 752.17 179.20 997.07 359.39 1.54 1.62 3.64 0.25 0.88 0.83 -1.51 1.00
Car 0.0 0 -1.81 706.51 187.48 810.71 263.67 1.46 1.60 3.85 0.13 0.80 0.91 -1.61 1.00
Car 0.0 0 -2.58 12.10 192.75 281.61 337.74 1.51 1.64 4.08 -0.60 0.86 0.84 3.14 1.00
Car 0.0 0 0.75 17.41 200.18 164.15 370.38 1.51 1.61 3.96 -0.68 0.89 0.86 0.13 1.00
Car 0.0 0 -1.70 671.87 177.56 716.92 223.60 1.53 1.60 3.89 0.05 0.80 0.95 -1.58 1.00
Car 0.0 0 0.27 349.72 182.86 471.33 234.04 1.57 1.62 3.95 -0.32 0.83 0.95 -0.00 1.00
Car 0.0 0 0.22 439.98 181.08 515.97 212.67 1.47 1.62 3.99 -0.23 0.77 0.94 0.04 0.99
Car 0.0 0 -2.57 42.13 195.61 322.92 296.51 1.42 1.54 3.81 -0.59 0.80 0.90 -3.11 0.98
Car 0.0 0 -1.67 653.32 180.17 670.80 205.41 1.48 1.58 3.83 0.01 0.77 1.02 -1.59 0.98
Car 0.0 0 -2.86 386.93 176.17 473.73 218.47 1.86 1.68 3.66 -0.30 0.96 0.96 -3.10 0.96
Car 0.0 0 -1.67 634.42 178.98 633.82 189.55 1.44 1.63 3.70 -0.03 0.73 0.98 -1.63 0.92
Cyclist 0.0 0 1.55 593.35 175.49 578.12 186.11 1.72 0.62 1.70 -0.10 0.87 1.08 1.52 0.33
