Car 0.0 0 1.83 340.00 189.88 432.27 258.35 1.52 1.64 3.99 -0.35 0.83 0.93 1.53 1.00
Car 0.0 0 -2.35 967.31 190.66 1230.89 371.74 1.47 1.59 3.64 0.51 0.86 0.84 -1.75 1.00
Car 0.0 0 -0.94 12.46 202.96 225.92 374.49 1.44 1.64 3.86 -0.65 0.86 0.87 -1.53 1.00
Car 0.0 0 1.77 411.23 189.94 465.51 234.04 1.45 1.60 3.92 -0.28 0.77 0.92 1.54 1.00
Car 0.0 0 1.74 452.19 185.89 488.81 221.93 1.47 1.59 3.69 -0.24 0.77 0.94 1.55 1.00
Car 0.0 0 2.83 789.17 158.39 878.75 193.17 1.62 1.75 4.30 0.23 0.82 0.91 3.13 1.00
Car 0.0 0 1.72 480.50 185.06 508.69 214.38 1.44 1.63 3.78 -0.21 0.76 0.95 1.56 0.99
Car 0.0 0 -1.65 675.92 174.78 695.01 201.81 1.48 1.62 3.80 0.04 0.76 0.94 -1.55 0.99
Car 0.0 0 -0.57 1022.42 144.69 1119.87 175.13 1.61 1.71 4.53 0.59 0.79 1.02 -0.00 0.99
Car 0.0 0 -0.59 1048.22 141.27 1156.69 172.51 1.60 1.83 4.66 0.60 0.78 0.96 0.01 0.99
Car 0.0 0 -0.59 1079.68 140.38 1189.35 171.63 1.55 1.77 4.53 0.64 0.75 0.96 0.04 0.99
Car 0.0 0 2.85 763.86 161.19 832.22 190.74 1.58 1.71 3.92 0.18 0.79 0.92 3.10 0.99
Car 0.0 0 -0.62 1114.53 134.45 1225.68 172.36 1.57 1.81 4.64 0.67 0.76 0.94 0.04 0.98
Car 0.0 0 1.74 514.26 184.57 528.68 206.77 1.47 1.54 3.83 -0.18 0.77 0.98 1.62 0.97
