Pedestrian 0.0 0 0.81 843.32 158.12 895.73 350.83 1.78 0.61 0.90 0.29 0.99 0.92 1.17 1.00
Pedestrian 0.0 0 1.12 588.91 150.41 654.56 374.71 1.79 0.60 0.87 -0.04 1.00 0.88 1.14 1.00
Pedestrian 0.0 0 0.87 288.52 160.99 347.03 356.23 1.67 0.56 0.76 -0.44 0.94 0.93 0.48 1.00
Pedestrian 0.0 0 0.73 901.79 151.78 981.72 373.68 1.62 0.59 0.85 0.40 0.93 0.95 1.18 0.99
Pedestrian 0.0 0 0.65 1023.20 155.41 1107.94 377.90 1.67 0.56 0.86 0.56 0.95 0.95 1.22 0.99
Pedestrian 0.0 0 1.00 267.63 140.70 286.44 255.22 1.89 0.67 0.93 -0.54 0.97 1.03 0.56 0.99
Pedestrian 0.0 0 1.19 541.26 147.53 558.67 256.46 1.83 0.61 0.91 -0.13 0.95 0.96 1.11 0.99
Pedestrian 0.0 0 1.09 762.42 151.74 809.93 334.36 1.77 0.63 0.96 0.19 0.97 0.97 1.34 0.99
Pedestrian 0.0 0 0.96 728.15 175.74 770.39 349.20 1.75 0.62 0.90 0.14 0.99 0.98 1.16 0.99
Pedestrian 0.0 0 1.02 679.63 162.80 731.39 347.24 1.69 0.56 0.82 0.07 0.94 0.94 1.16 0.98
Pedestrian 0.0 0 3.23 764.87 144.67 765.60 219.11 1.90 0.68 0.83 0.19 0.96 1.09 -2.83 0.98
Pedestrian 0.0 0 -2.68 655.72 146.26 650.78 202.64 1.89 0.50 0.90 0.01 0.94 1.05 -2.61 0.97
Pedestrian 0.0 0 1.21 621.97 143.88 644.97 268.97 1.84 0.66 0.93 -0.02 0.96 0.93 1.26 0.95
Pedestrian 0.0 0 1.13 728.96 143.19 746.49 261.17 1.80 0.63 0.96 0.12 0.93 0.97 1.32 0.95
Pedestrian 0.0 0 1.10 653.97 140.50 677.53 264.20 1.83 0.66 0.95 0.02 0.95 0.92 1.19 0.91
Cyclist 0.0 0 3.24 329.22 152.18 345.33 187.05 1.78 0.65 1.56 -0.44 0.88 1.01 2.88 0.38
