Car 0.0 0 -2.88 327.83 172.15 459.77 228.88 1.66 1.66 4.05 -0.35 0.86 0.96 3.12 1.00
Car 0.0 0 0.43 222.67 178.79 414.75 246.88 1.54 1.63 4.05 -0.42 0.82 0.89 0.05 1.00
Car 0.0 0 -1.74 696.00 186.53 770.37 248.39 1.43 1.58 3.89 0.10 0.78 0.96 -1.57 1.00
Car 0.0 0 -2.56 16.11 177.78 270.01 328.31 1.58 1.64 3.98 -0.59 0.88 0.82 -3.14 1.00
Car 0.0 0 -2.05 823.29 198.29 1230.38 371.28 1.42 1.57 3.79 0.42 0.84 0.83 -1.53 1.00
Car 0.0 0 3.34 400.19 181.25 492.88 218.43 1.49 1.64 4.16 -0.25 0.78 0.85 3.12 1.00
Car 0.0 0 -1.66 664.81 180.41 699.63 219.13 1.54 1.62 3.69 0.03 0.80 0.91 -1.56 0.99
Car 0.0 0 -2.49 51.51 183.62 297.68 283.89 1.50 1.59 3.66 -0.60 0.82 0.90 -3.03 0.99
Car 0.0 0 0.79 10.52 173.09 139.82 374.06 1.62 1.62 4.00 -0.73 0.94 0.90 0.15 0.99
Car 0.0 0 3.10 494.13 174.26 535.21 195.48 1.52 1.57 3.83 -0.19 0.77 0.96 2.97 0.82
