Pedestrian 0.0 0 -3.03 464.34 162.52 459.78 198.29 1.84 0.46 0.82 -0.27 0.93 1.02 3.05 0.98
Car 0.0 0 -2.38 731.85 163.25 767.57 182.30 1.58 1.57 3.59 0.13 0.79 0.97 -2.19 1.00
Car 0.0 0 -1.99 460.15 166.61 496.88 192.84 1.60 1.65 3.68 -0.23 0.81 0.91 -2.17 1.00
Car 0.0 0 0.38 913.33 164.43 946.51 179.35 1.52 1.59 3.86 0.35 0.76 0.92 0.80 0.99
Car 0.0 0 1.35 420.23 157.40 456.71 194.45 1.63 1.66 4.16 -0.28 0.82 0.91 1.12 0.99
Car 0.0 0 -2.42 766.21 168.19 797.60 183.78 1.50 1.51 3.57 0.16 0.75 0.91 -2.19 0.99
Car 0.0 0 0.40 940.46 165.84 967.31 177.98 1.45 1.59 3.78 0.39 0.73 0.93 0.84 0.99
Car 0.0 0 -2.10 696.74 167.22 722.38 184.36 1.48 1.63 3.79 0.07 0.75 0.91 -1.96 0.98
Car 0.0 0 -1.99 512.66 165.67 554.52 193.73 1.55 1.68 3.83 -0.15 0.79 0.90 -2.09 0.98
Car 0.0 0 0.82 841.94 165.89 881.60 181.11 1.49 1.62 4.23 0.26 0.75 0.92 1.16 0.98
Car 0.0 0 -2.15 801.66 169.12 825.24 182.73 1.47 1.66 3.84 0.20 0.74 0.92 -1.87 0.98
Car 0.0 0 -2.27 827.02 169.94 847.79 182.06 1.47 1.57 3.63 0.23 0.74 0.92 -1.96 0.96
Car 0.0 0 1.10 984.24 162.13 1004.86 176.47 1.50 1.72 4.16 0.44 0.75 0.93 1.59 0.74
