Car 0.0 0 -1.83 755.68 182.25 920.74 299.66 1.50 1.63 3.92 0.22 0.83 0.87 -1.53 1.00
Car 0.0 0 2.04 122.89 199.66 346.23 315.12 1.43 1.62 4.02 -0.51 0.82 0.87 1.56 1.00
Car 0.0 0 1.82 431.23 187.26 485.29 228.92 1.46 1.63 3.94 -0.26 0.78 0.95 1.62 1.00
Car 0.0 0 1.90 321.84 194.70 418.24 261.18 1.53 1.60 3.95 -0.38 0.84 0.96 1.58 1.00
Car 0.0 0 -2.09 846.61 183.17 1223.09 372.10 1.53 1.60 3.73 0.44 0.89 0.84 -1.56 1.00
Car 0.0 0 -1.76 678.81 183.66 725.85 224.21 1.53 1.60 3.78 0.06 0.80 0.94 -1.63 1.00
Car 0.0 0 1.42 701.44 184.27 766.88 239.46 1.50 1.61 3.86 0.08 0.80 0.84 1.59 1.00
Car 0.0 0 -1.71 665.08 181.07 690.20 210.86 1.55 1.58 3.75 0.03 0.81 0.94 -1.62 0.99
Car 0.0 0 -2.42 553.43 177.74 578.78 190.06 1.46 1.63 3.65 -0.11 0.74 0.88 -2.48 0.99
Car 0.0 0 2.42 1195.14 157.91 1227.17 298.77 1.55 1.65 4.06 0.72 0.85 0.93 3.11 0.98
Car 0.0 0 1.67 501.53 183.52 520.08 207.98 1.45 1.61 3.78 -0.19 0.75 0.94 1.53 0.97
