Pedestrian 0.0 0 -2.93 321.32 165.21 321.83 203.16 1.80 0.59 0.94 -0.46 0.92 1.00 2.97 0.91
Car 0.0 0 -2.18 604.53 166.62 638.47 186.35 1.52 1.61 3.54 -0.04 0.77 0.93 -2.16 1.00
Car 0.0 0 -1.96 401.69 166.60 449.62 195.18 1.56 1.72 3.97 -0.31 0.79 0.97 -2.21 0.99
Car 0.0 0 -1.98 339.26 168.24 384.41 199.15 1.61 1.67 3.83 -0.37 0.82 0.89 -2.31 0.99
Car 0.0 0 -2.45 642.96 166.29 682.44 185.44 1.54 1.48 3.51 0.01 0.78 0.91 -2.38 0.99
Car 0.0 0 -2.44 735.26 168.98 764.11 184.18 1.50 1.58 3.52 0.13 0.75 0.97 -2.25 0.99
Car 0.0 0 -2.37 711.47 169.65 740.56 184.14 1.53 1.64 3.46 0.10 0.77 0.97 -2.21 0.98
Car 0.0 0 0.47 822.28 165.31 860.30 180.63 1.55 1.53 3.98 0.24 0.78 0.93 0.78 0.98
Car 0.0 0 0.77 752.99 169.52 796.09 183.94 1.50 1.60 4.07 0.15 0.76 0.92 1.00 0.98
Car 0.0 0 0.44 844.61 166.14 871.42 178.10 1.43 1.55 3.80 0.26 0.72 0.93 0.77 0.97
Car 0.0 0 1.31 285.17 166.10 336.57 193.50 1.49 1.64 3.94 -0.42 0.75 0.88 0.91 0.96
Car 0.0 0 -2.43 677.38 167.50 717.33 187.23 1.53 1.56 3.49 0.06 0.77 0.99 -2.31 0.95
Car 0.0 0 -1.03 1151.28 161.47 1173.43 175.03 1.51 1.65 4.02 0.70 0.75 0.99 -0.37 0.55
