Car 0.0 0 -1.82 743.02 179.99 886.45 284.92 1.54 1.65 3.96 0.19 0.84 0.89 -1.54 1.00
Car 0.0 0 1.80 443.40 189.08 488.15 226.76 1.49 1.63 3.86 -0.25 0.79 0.96 1.61 1.00
Car 0.0 0 1.88 336.31 192.69 429.04 255.58 1.51 1.64 3.99 -0.35 0.82 0.92 1.58 1.00
Car 0.0 0 2.02 173.49 198.23 366.90 300.47 1.44 1.62 4.07 -0.48 0.81 0.88 1.58 1.00
Car 0.0 0 -2.00 813.12 182.36 1209.08 371.64 1.49 1.62 4.05 0.41 0.87 0.85 -1.49 1.00
Car 0.0 0 1.35 697.81 183.95 755.45 232.06 1.52 1.62 4.03 0.07 0.80 0.83 1.51 1.00
Car 0.0 0 2.40 11.40 216.49 106.39 369.77 1.44 1.62 4.01 -0.79 0.88 0.95 1.75 1.00
Car 0.0 0 -1.79 674.62 181.96 721.01 220.25 1.48 1.60 3.78 0.05 0.78 0.92 -1.67 1.00
Car 0.0 0 2.34 1118.12 151.33 1231.01 283.35 1.66 1.61 4.01 0.66 0.89 0.92 3.00 1.00
Car 0.0 0 -1.78 660.88 181.93 687.76 209.92 1.52 1.58 3.70 0.02 0.79 0.92 -1.69 0.99
Car 0.0 0 1.66 506.07 184.31 522.65 207.28 1.43 1.60 3.72 -0.18 0.74 0.91 1.53 0.98
Car 0.0 0 -2.32 561.54 178.41 585.56 190.09 1.45 1.68 3.71 -0.11 0.74 0.95 -2.37 0.97
Car 0.0 0 -1.93 1110.76 164.11 1207.24 317.97 1.58 1.62 3.86 0.68 0.88 0.97 -1.28 0.32
Car 0.0 0 1.87 17.26 188.42 100.31 238.29 1.59 1.77 4.09 -0.85 0.85 1.04 1.22 0.24
