Car 0.0 0 -2.56 9.25 171.66 252.93 318.65 1.62 1.68 4.00 -0.60 0.89 0.81 3.13 1.00
Car 0.0 0 -0.63 982.15 185.92 1239.58 337.54 1.48 1.64 3.88 0.59 0.85 0.93 -0.02 1.00
Car 0.0 0 0.43 15.10 162.06 333.92 287.44 1.68 1.71 4.15 -0.60 0.90 0.89 -0.11 1.00
Car 0.0 0 -1.68 642.50 182.43 673.70 217.28 1.52 1.61 3.81 0.00 0.80 0.96 -1.61 1.00
Car 0.0 0 -0.81 1087.84 190.06 1229.77 373.67 1.42 1.59 3.82 0.66 0.85 0.95 -0.16 0.99
Car 0.0 0 3.42 310.17 181.46 455.80 235.36 1.47 1.59 3.99 -0.34 0.78 0.90 3.11 0.99
Car 0.0 0 -0.43 792.37 181.87 1021.60 268.83 1.50 1.63 3.82 0.31 0.81 0.89 -0.04 0.99
Car 0.0 0 3.38 363.34 183.77 472.84 224.55 1.45 1.62 4.09 -0.31 0.77 0.94 3.12 0.99
Car 0.0 0 -1.64 628.93 178.36 638.53 198.77 1.51 1.65 3.86 -0.03 0.78 0.96 -1.61 0.98
Car 0.0 0 2.54 860.42 186.85 1170.33 296.73 1.51 1.72 4.20 0.43 0.84 0.87 3.05 0.97
Car 0.0 0 -0.38 779.51 173.74 970.10 253.24 1.63 1.65 3.89 0.28 0.86 0.92 -0.03 0.97
Cyclist 0.0 0 1.75 489.79 179.02 496.99 237.18 1.75 0.67 1.76 -0.23 0.93 1.04 1.59 0.99
