Car 0.0 0 -1.82 725.31 170.65 911.59 311.13 1.57 1.64 3.78 0.19 0.87 0.85 -1.54 1.00
Car 0.0 0 -1.73 676.66 180.50 735.41 235.79 1.52 1.58 3.72 0.06 0.81 0.92 -1.60 1.00
Car 0.0 0 -2.73 225.70 186.35 395.71 254.75 1.52 1.60 3.71 -0.42 0.82 0.87 -3.12 1.00
Car 0.0 0 0.68 7.54 194.82 253.99 342.15 1.43 1.58 3.87 -0.59 0.82 0.79 0.10 1.00
Car 0.0 0 -1.77 696.76 184.83 781.43 255.67 1.52 1.60 3.80 0.11 0.82 0.92 -1.59 1.00
Car 0.0 0 3.36 357.64 177.95 470.91 222.29 1.48 1.60 4.04 -0.31 0.78 0.92 3.10 1.00
Car 0.0 0 -2.58 10.65 189.85 314.99 300.25 1.43 1.57 3.97 -0.60 0.80 0.86 -3.14 1.00
Car 0.0 0 0.34 251.81 169.91 440.94 249.29 1.66 1.63 3.95 -0.40 0.88 0.93 -0.01 0.99
Car 0.0 0 -2.69 133.38 184.50 352.38 272.50 1.52 1.57 3.52 -0.52 0.83 0.90 3.12 0.99
Car 0.0 0 -2.42 7.33 196.14 86.15 375.44 1.48 1.58 3.85 -0.83 0.90 0.98 -3.08 0.98
Car 0.0 0 -2.84 299.48 166.77 433.61 234.25 1.87 1.63 3.19 -0.38 0.97 0.94 3.12 0.98
Car 0.0 0 -1.69 655.24 179.18 678.03 207.10 1.45 1.59 3.79 0.02 0.76 1.02 -1.61 0.95
Car 0.0 0 -2.91 457.99 172.83 514.19 198.66 1.46 1.57 3.71 -0.23 0.75 1.00 -3.08 0.83
Car 0.0 0 0.41 477.63 175.92 527.17 200.45 1.49 1.62 3.92 -0.20 0.76 0.91 0.27 0.21
