Car 0.0 0 1.84 292.15 202.80 432.64 310.74 1.46 1.54 3.64 -0.38 0.84 0.92 1.51 1.00
Car 0.0 0 1.77 395.26 197.50 488.29 268.77 1.43 1.58 3.88 -0.27 0.79 0.92 1.54 1.00
Car 0.0 0 -1.86 736.37 190.88 916.02 306.93 1.46 1.64 4.10 0.19 0.82 0.84 -1.57 1.00
Car 0.0 0 -1.76 708.19 190.86 785.44 257.70 1.54 1.62 3.92 0.12 0.84 0.94 -1.57 1.00
Car 0.0 0 2.08 13.20 220.80 367.20 372.44 1.42 1.59 3.90 -0.56 0.86 0.85 1.55 1.00
Car 0.0 0 -2.06 807.82 208.21 1230.79 369.48 1.39 1.56 3.66 0.43 0.83 0.86 -1.54 0.99
Car 0.0 0 -1.74 650.40 187.23 674.45 213.32 1.51 1.63 3.72 0.01 0.79 0.95 -1.67 0.99
Car 0.0 0 2.77 930.49 165.06 1067.01 221.28 1.80 1.73 3.54 0.49 0.93 1.01 -3.02 0.99
Car 0.0 0 2.51 564.99 186.56 590.59 198.93 1.56 1.44 3.91 -0.10 0.81 0.99 2.46 0.97
Car 0.0 0 -1.80 607.39 191.11 619.48 208.58 1.40 1.52 3.54 -0.05 0.74 0.96 -1.79 0.91
Cyclist 0.0 0 2.38 513.85 182.89 513.82 202.05 1.72 0.59 1.54 -0.19 0.89 1.01 2.25 0.98
