Car 0.0 0 -1.86 723.65 187.90 897.48 303.10 1.44 1.60 3.80 0.18 0.81 0.87 -1.59 1.00
Car 0.0 0 1.85 318.36 199.45 462.30 306.06 1.45 1.56 3.72 -0.34 0.83 0.93 1.55 1.00
Car 0.0 0 1.76 407.51 190.63 485.30 257.85 1.52 1.63 4.00 -0.27 0.83 0.92 1.54 1.00
Car 0.0 0 1.72 465.40 191.06 515.22 240.78 1.50 1.66 3.97 -0.22 0.81 0.94 1.55 1.00
Car 0.0 0 -1.70 689.13 181.03 737.99 229.24 1.50 1.59 3.89 0.08 0.79 0.98 -1.56 1.00
Car 0.0 0 -1.77 701.97 181.66 789.46 251.90 1.53 1.63 4.02 0.11 0.82 0.91 -1.58 1.00
Car 0.0 0 2.00 10.58 212.09 369.83 373.35 1.42 1.58 3.89 -0.56 0.85 0.86 1.48 1.00
Car 0.0 0 2.89 877.44 161.07 966.72 200.61 1.71 1.63 3.82 0.35 0.87 0.95 -2.98 1.00
Car 0.0 0 -2.03 829.06 193.83 1232.64 368.91 1.47 1.57 3.64 0.45 0.86 0.87 -1.50 1.00
Car 0.0 0 -1.80 647.09 181.17 667.86 202.98 1.52 1.64 3.78 0.00 0.79 0.91 -1.74 1.00
Car 0.0 0 2.43 573.11 182.47 590.05 192.54 1.44 1.51 3.93 -0.10 0.74 0.94 2.39 0.98
Car 0.0 0 -1.86 608.67 185.32 618.18 198.41 1.37 1.64 3.53 -0.05 0.71 0.95 -1.86 0.97
Cyclist 0.0 0 2.17 539.32 180.36 536.57 196.39 1.66 0.55 1.49 -0.16 0.85 1.01 2.07 0.97
