Car 0.0 0 -2.65 0.46 171.77 278.74 302.49 1.59 1.63 3.79 -0.63 0.88 0.88 3.05 1.00
Car 0.0 0 -0.75 1033.06 185.31 1228.48 370.24 1.46 1.64 3.94 0.63 0.87 0.95 -0.12 1.00
Car 0.0 0 -1.68 642.81 182.84 672.34 216.91 1.55 1.59 3.80 0.00 0.81 0.92 -1.61 1.00
Car 0.0 0 0.45 59.42 163.43 353.06 277.83 1.65 1.67 4.07 -0.56 0.89 0.90 -0.06 1.00
Car 0.0 0 2.61 840.28 187.19 1118.84 286.33 1.50 1.67 4.05 0.39 0.83 0.87 3.08 1.00
Car 0.0 0 -0.55 951.35 190.55 1230.17 316.13 1.51 1.64 4.04 0.55 0.86 0.91 0.04 0.99
Car 0.0 0 -0.42 778.02 182.13 1011.61 266.92 1.47 1.65 3.97 0.30 0.80 0.90 -0.05 0.99
Car 0.0 0 -2.84 323.31 180.94 464.96 235.51 1.51 1.59 3.91 -0.33 0.80 0.91 -3.13 0.99
Car 0.0 0 3.37 372.73 183.50 479.72 224.59 1.50 1.63 3.99 -0.29 0.79 0.89 3.12 0.99
Car 0.0 0 -1.65 629.08 178.30 638.76 198.27 1.53 1.65 3.81 -0.03 0.78 0.95 -1.62 0.99
Car 0.0 0 -2.37 4.66 190.28 87.89 373.46 1.50 1.59 3.95 -0.82 0.90 0.97 -3.04 0.99
Car 0.0 0 -0.38 769.21 174.20 948.64 251.97 1.64 1.63 3.84 0.26 0.87 0.94 -0.05 0.95
Cyclist 0.0 0 1.64 494.43 177.46 502.98 231.95 1.76 0.59 1.68 -0.21 0.92 0.99 1.49 0.98
