Pedestrian 0.0 0 2.69 317.94 176.75 362.69 329.04 1.76 0.70 0.97 -0.43 0.98 1.03 2.35 1.00
Pedestrian 0.0 0 -1.79 794.98 178.12 837.41 342.73 1.76 0.89 1.02 0.24 0.99 0.99 -1.50 0.99
Pedestrian 0.0 0 1.20 988.77 163.13 1046.17 342.79 1.73 0.68 0.84 0.48 0.96 0.94 1.73 0.99
Pedestrian 0.0 0 1.92 202.46 174.46 245.92 330.56 1.61 0.66 0.80 -0.57 0.90 0.98 1.44 0.99
Pedestrian 0.0 0 -1.95 653.78 170.72 664.36 252.97 1.70 0.84 0.93 0.02 0.90 1.02 -1.87 0.99
Pedestrian 0.0 0 -1.76 711.25 187.40 730.55 291.85 1.73 0.75 0.86 0.11 0.95 1.01 -1.59 0.98
Pedestrian 0.0 0 -1.77 735.28 179.29 761.16 301.19 1.80 0.87 1.00 0.15 0.99 1.03 -1.57 0.98
Pedestrian 0.0 0 1.03 1068.94 165.50 1133.37 347.75 1.62 0.63 0.76 0.63 0.91 0.98 1.64 0.98
Pedestrian 0.0 0 -1.84 794.27 168.69 814.90 271.91 1.74 0.81 0.90 0.23 0.93 1.02 -1.56 0.97
Car 0.0 0 1.65 557.16 181.02 585.79 225.54 1.56 1.64 3.97 -0.10 0.81 0.95 1.61 0.98
