Pedestrian 0.0 0 -1.63 719.73 171.18 715.72 205.35 1.71 0.65 0.80 0.09 0.88 1.02 -1.48 0.97
Car 0.0 0 2.31 12.86 213.50 185.06 372.28 1.48 1.63 3.86 -0.71 0.89 0.91 1.69 1.00
Car 0.0 0 -2.50 1008.68 195.11 1229.91 375.71 1.49 1.61 3.84 0.59 0.89 0.92 -1.89 1.00
Car 0.0 0 1.77 392.13 188.05 452.11 238.88 1.49 1.57 3.81 -0.31 0.80 0.97 1.52 0.99
Car 0.0 0 1.80 627.16 174.71 632.54 185.74 1.40 1.61 4.13 -0.03 0.71 1.00 1.83 0.99
Car 0.0 0 -1.51 650.07 177.67 664.49 200.96 1.52 1.65 3.90 0.01 0.79 1.05 -1.44 0.94
Car 0.0 0 1.72 507.31 176.06 520.35 219.02 1.78 0.86 2.52 -0.20 0.92 1.02 1.58 0.90
Cyclist 0.0 0 1.85 383.18 180.00 430.15 285.68 1.76 0.59 1.84 -0.34 0.96 0.99 1.57 1.00
Cyclist 0.0 0 1.83 431.48 180.86 469.74 277.19 1.81 0.61 1.86 -0.28 0.98 0.98 1.61 1.00
Cyclist 0.0 0 1.74 510.57 173.41 517.71 226.55 1.85 0.57 1.82 -0.19 0.96 1.00 1.61 0.98
