Car 0.0 0 -1.95 819.44 183.04 1073.60 340.85 1.45 1.59 3.80 0.34 0.83 0.86 -1.51 1.00
Car 0.0 0 1.91 289.45 193.64 426.72 279.51 1.47 1.57 3.84 -0.39 0.82 0.94 1.57 1.00
Car 0.0 0 -1.81 748.93 180.20 870.90 269.49 1.45 1.59 3.83 0.19 0.79 0.89 -1.54 1.00
Car 0.0 0 2.08 11.20 199.15 322.12 370.47 1.49 1.63 3.97 -0.57 0.87 0.83 1.53 1.00
Car 0.0 0 -1.75 722.73 178.78 792.84 239.66 1.54 1.62 3.90 0.14 0.82 0.95 -1.55 1.00
Car 0.0 0 -2.38 1049.51 199.62 1228.32 370.97 1.46 1.59 3.59 0.58 0.87 0.86 -1.75 1.00
Car 0.0 0 1.86 383.86 188.29 470.22 246.23 1.43 1.61 3.92 -0.29 0.77 0.92 1.62 1.00
Car 0.0 0 -1.70 697.92 178.18 730.57 214.09 1.54 1.60 3.89 0.08 0.80 0.97 -1.55 1.00
Car 0.0 0 -1.70 711.11 177.13 756.67 224.45 1.54 1.58 3.66 0.10 0.81 0.95 -1.53 1.00
Car 0.0 0 1.74 508.24 181.78 537.03 209.48 1.44 1.65 3.93 -0.18 0.75 0.99 1.62 0.99
Car 0.0 0 -0.07 587.72 174.65 617.37 193.11 1.58 1.62 3.90 -0.07 0.81 0.94 -0.08 0.54
