Car 0.0 0 1.90 264.68 193.97 396.14 279.09 1.48 1.60 3.92 -0.42 0.82 0.92 1.53 1.00
Car 0.0 0 2.86 809.54 156.24 914.16 195.80 1.60 1.71 4.45 0.27 0.81 0.93 -3.08 1.00
Car 0.0 0 1.82 369.63 192.93 441.56 247.33 1.48 1.60 3.84 -0.33 0.80 0.94 1.55 1.00
Car 0.0 0 1.74 461.25 187.66 494.59 219.91 1.44 1.65 3.94 -0.23 0.76 0.95 1.56 1.00
Car 0.0 0 1.77 421.90 191.19 470.43 232.20 1.47 1.65 3.96 -0.28 0.79 0.97 1.55 1.00
Car 0.0 0 2.91 777.55 160.12 849.75 192.10 1.62 1.67 3.91 0.21 0.81 0.94 -3.10 1.00
Car 0.0 0 -0.59 1054.32 139.51 1173.78 174.48 1.58 1.81 4.72 0.63 0.77 0.98 0.02 0.99
Car 0.0 0 -0.79 1168.43 132.38 1236.06 174.19 1.56 1.79 4.32 0.70 0.75 0.92 -0.10 0.99
Car 0.0 0 -0.57 1127.69 138.04 1229.24 174.10 1.54 1.81 4.54 0.69 0.75 0.95 0.09 0.98
Car 0.0 0 -1.67 676.77 175.71 703.99 207.77 1.52 1.62 3.86 0.04 0.79 0.93 -1.56 0.98
Car 0.0 0 1.75 500.90 187.87 518.12 211.34 1.48 1.54 3.78 -0.20 0.78 0.98 1.61 0.98
Car 0.0 0 -0.57 1087.21 141.14 1213.22 173.89 1.56 1.90 4.84 0.66 0.76 0.96 0.07 0.96
