Car 0.0 0 -1.07 135.09 183.64 283.71 258.87 1.46 1.60 3.88 -0.56 0.77 0.89 -1.58 1.00
Car 0.0 0 -1.28 344.98 180.38 457.92 262.09 1.49 1.65 4.09 -0.32 0.79 0.92 -1.56 1.00
Car 0.0 0 -1.43 479.74 183.47 514.61 218.40 1.44 1.63 4.08 -0.21 0.74 0.98 -1.58 1.00
Car 0.0 0 -1.44 522.94 179.63 543.30 206.66 1.53 1.60 3.85 -0.17 0.78 1.03 -1.54 1.00
Car 0.0 0 -1.67 666.45 181.53 689.42 211.47 1.51 1.60 3.86 0.04 0.77 1.00 -1.57 0.99
Car 0.0 0 -1.22 310.65 176.83 382.61 224.58 1.50 1.61 4.04 -0.43 0.77 1.00 -1.57 0.99
Car 0.0 0 -1.57 601.34 178.51 618.73 206.48 1.56 1.66 3.83 -0.06 0.79 1.03 -1.56 0.99
Car 0.0 0 -1.64 635.90 178.77 637.67 192.34 1.43 1.64 3.88 -0.02 0.72 1.04 -1.60 0.90
Car 0.0 0 -1.31 392.61 177.56 441.77 216.98 1.46 1.60 3.90 -0.34 0.75 1.04 -1.57 0.89
Car 0.0 0 -1.43 450.99 180.80 472.95 204.67 1.49 1.63 3.98 -0.28 0.76 1.07 -1.63 0.77
