Car 0.0 0 2.01 57.80 195.50 355.58 366.89 1.48 1.59 3.77 -0.54 0.87 0.86 1.50 1.00
Car 0.0 0 -1.87 772.03 194.89 1009.08 351.35 1.43 1.59 3.84 0.27 0.83 0.83 -1.50 1.00
Car 0.0 0 -1.76 733.54 184.14 854.61 281.25 1.51 1.61 3.80 0.16 0.83 0.87 -1.51 1.00
Car 0.0 0 -1.71 678.83 183.93 740.08 239.98 1.53 1.63 3.91 0.06 0.81 0.89 -1.58 1.00
Car 0.0 0 0.36 250.69 190.04 370.06 234.86 1.53 1.63 4.01 -0.46 0.82 0.96 -0.03 1.00
Car 0.0 0 1.69 490.50 177.88 520.61 214.13 1.56 1.61 4.00 -0.19 0.81 0.93 1.55 1.00
Car 0.0 0 1.74 464.74 184.92 505.77 224.24 1.45 1.58 3.76 -0.23 0.77 0.97 1.57 0.99
Car 0.0 0 1.64 518.06 182.64 533.32 208.86 1.49 1.61 3.82 -0.16 0.77 0.90 1.53 0.99
Car 0.0 0 -1.69 668.16 184.80 705.01 223.15 1.50 1.58 3.80 0.04 0.79 0.96 -1.58 0.99
Car 0.0 0 -1.66 654.68 181.07 677.76 210.52 1.51 1.57 3.79 0.01 0.78 0.93 -1.58 0.98
Car 0.0 0 -1.66 547.14 182.83 551.79 193.67 1.38 1.66 3.70 -0.14 0.71 0.96 -1.74 0.97
