Car 0.0 0 -1.84 710.13 178.65 854.71 278.88 1.49 1.62 3.97 0.14 0.81 0.85 -1.61 1.00
Car 0.0 0 1.96 101.06 197.86 399.79 372.68 1.47 1.60 3.78 -0.48 0.87 0.85 1.50 1.00
Car 0.0 0 1.82 354.10 192.73 467.70 280.06 1.49 1.60 3.90 -0.31 0.82 0.92 1.55 1.00
Car 0.0 0 -1.72 681.65 173.43 729.49 219.89 1.53 1.60 3.85 0.07 0.80 0.95 -1.59 1.00
Car 0.0 0 -1.94 785.20 183.91 1140.17 370.83 1.50 1.59 3.69 0.35 0.87 0.84 -1.49 1.00
Car 0.0 0 1.71 470.49 184.27 517.98 231.49 1.49 1.67 4.04 -0.21 0.79 0.94 1.55 1.00
Car 0.0 0 1.75 427.81 184.91 489.57 240.49 1.51 1.62 4.04 -0.25 0.81 0.91 1.54 1.00
Car 0.0 0 2.90 863.46 155.87 947.32 188.93 1.67 1.70 4.14 0.34 0.83 0.96 -3.00 1.00
Car 0.0 0 -1.74 695.80 173.79 765.76 236.28 1.54 1.61 3.84 0.10 0.81 0.93 -1.58 0.99
Car 0.0 0 -1.81 605.05 177.55 614.49 190.60 1.37 1.65 3.58 -0.06 0.70 0.96 -1.81 0.99
Car 0.0 0 -1.81 645.68 174.73 661.22 193.88 1.52 1.65 3.72 -0.00 0.77 0.93 -1.75 0.99
Car 0.0 0 2.52 568.91 175.04 587.10 184.63 1.50 1.44 3.86 -0.10 0.76 0.90 2.47 0.98
Cyclist 0.0 0 2.32 543.22 173.69 540.06 187.86 1.64 0.60 1.49 -0.16 0.83 1.05 2.22 0.97
