Pedestrian 0.0 0 -1.05 735.75 165.85 787.00 339.16 1.77 0.78 1.00 0.17 0.99 1.02 -0.83 1.00
Pedestrian 0.0 0 -3.02 958.13 131.40 1010.66 293.33 1.87 0.83 1.04 0.54 0.98 1.12 -2.53 1.00
Pedestrian 0.0 0 -2.36 1030.91 139.74 1067.91 277.67 1.77 0.79 0.84 0.61 0.93 1.08 -1.81 0.99
Pedestrian 0.0 0 -1.62 598.55 167.48 593.24 216.72 1.80 0.75 0.74 -0.07 0.92 1.02 -1.63 0.99
Pedestrian 0.0 0 -1.52 611.44 169.33 612.27 231.30 1.69 0.77 0.90 -0.04 0.87 0.99 -1.51 0.98
Pedestrian 0.0 0 -1.54 572.18 173.23 572.80 233.81 1.74 0.82 0.99 -0.10 0.90 0.96 -1.58 0.98
Pedestrian 0.0 0 1.59 483.05 175.31 486.80 240.28 1.67 0.69 0.84 -0.22 0.87 0.97 1.43 0.96
Pedestrian 0.0 0 -2.47 1176.17 175.27 1209.40 330.34 1.73 0.67 0.79 0.79 0.97 1.03 -1.78 0.96
Pedestrian 0.0 0 1.62 511.35 172.70 512.53 234.42 1.68 0.72 0.94 -0.19 0.87 1.02 1.49 0.96
Pedestrian 0.0 0 -1.91 663.81 167.44 663.48 224.91 1.75 0.72 0.84 0.03 0.90 1.06 -1.82 0.68
Pedestrian 0.0 0 -1.62 650.53 171.00 647.07 216.48 1.73 0.73 0.73 0.01 0.89 1.04 -1.55 0.45
Pedestrian 0.0 0 -2.60 244.37 206.86 357.62 370.99 1.44 0.63 0.72 -0.50 0.88 1.04 -2.99 0.20
Car 0.0 0 1.56 534.71 178.30 537.54 197.18 1.50 1.60 4.18 -0.15 0.76 1.01 1.47 0.97
Cyclist 0.0 0 2.14 25.50 139.69 256.22 374.26 1.77 0.68 1.84 -0.69 0.99 0.98 1.57 0.94
