Pedestrian 0.0 0 -2.87 1113.78 140.33 1159.88 283.54 1.83 0.79 1.02 0.77 0.96 1.11 -2.22 1.00
Pedestrian 0.0 0 -1.15 782.14 152.93 850.88 360.13 1.79 0.81 0.94 0.24 1.00 0.99 -0.86 1.00
Pedestrian 0.0 0 -3.06 976.31 130.46 1033.08 293.51 1.84 0.80 1.03 0.57 0.97 1.12 -2.55 1.00
Pedestrian 0.0 0 -1.55 623.86 169.01 623.54 229.28 1.73 0.79 0.87 -0.03 0.89 1.01 -1.51 0.99
Pedestrian 0.0 0 -1.60 578.58 165.12 580.85 233.10 1.74 0.79 0.93 -0.09 0.90 0.98 -1.63 0.99
Pedestrian 0.0 0 1.61 513.10 168.92 519.42 239.14 1.67 0.69 0.99 -0.17 0.86 0.95 1.49 0.99
Pedestrian 0.0 0 -1.63 697.02 162.41 694.62 212.91 1.72 0.79 0.91 0.07 0.87 1.01 -1.50 0.98
Pedestrian 0.0 0 -1.55 644.28 169.98 643.32 221.98 1.71 0.82 1.01 0.00 0.88 1.02 -1.49 0.97
Pedestrian 0.0 0 1.65 492.84 167.93 499.58 240.21 1.72 0.70 0.97 -0.20 0.89 0.97 1.51 0.96
Pedestrian 0.0 0 -1.60 606.10 165.89 601.64 218.68 1.79 0.83 0.85 -0.05 0.91 1.04 -1.59 0.95
Car 0.0 0 1.58 541.41 174.89 547.81 193.41 1.46 1.66 4.27 -0.14 0.74 1.02 1.50 0.88
Cyclist 0.0 0 2.25 -1.42 167.56 227.14 377.67 1.70 0.68 1.88 -0.74 0.98 1.00 1.65 0.21
