Car 0.0 0 3.26 930.57 169.86 1081.76 231.68 1.64 1.60 3.98 0.45 0.85 0.93 -2.52 1.00
Car 0.0 0 -1.74 676.46 190.25 734.65 242.04 1.47 1.59 3.65 0.06 0.79 0.92 -1.61 1.00
Car 0.0 0 -2.15 878.05 207.38 1231.89 370.17 1.42 1.56 3.59 0.46 0.85 0.85 -1.59 1.00
Car 0.0 0 2.24 14.64 217.49 230.81 369.67 1.42 1.60 3.89 -0.68 0.87 0.92 1.64 1.00
Car 0.0 0 -2.81 836.83 180.33 959.27 220.43 1.51 1.53 4.26 0.33 0.79 0.98 -2.43 0.99
Car 0.0 0 -1.67 664.00 185.85 699.75 224.68 1.47 1.59 3.84 0.04 0.78 1.02 -1.57 0.99
Car 0.0 0 -2.91 886.12 179.85 1013.80 222.96 1.46 1.55 4.12 0.40 0.77 0.97 -2.47 0.99
Car 0.0 0 1.74 474.55 188.60 506.63 218.58 1.47 1.63 3.86 -0.22 0.78 0.98 1.58 0.98
Car 0.0 0 -1.59 646.08 178.36 653.72 199.24 1.61 1.68 3.78 -0.00 0.83 1.00 -1.53 0.97
Car 0.0 0 1.75 573.48 183.36 574.66 194.31 1.48 1.59 3.79 -0.11 0.76 0.99 1.70 0.61
Car 0.0 0 0.26 287.17 192.41 348.76 216.01 1.53 1.65 4.06 -0.45 0.81 0.96 -0.12 0.61
