Car 0.0 0 -1.00 14.39 184.54 212.43 297.95 1.50 1.60 3.78 -0.66 0.82 0.87 -1.61 1.00
Car 0.0 0 -1.26 267.30 187.17 439.70 304.35 1.49 1.64 3.85 -0.37 0.82 0.88 -1.60 1.00
Car 0.0 0 -1.40 443.90 182.69 502.97 235.34 1.43 1.63 3.96 -0.24 0.75 0.94 -1.59 1.00
Car 0.0 0 -1.77 712.35 190.55 804.49 267.02 1.39 1.53 3.50 0.13 0.75 0.91 -1.56 1.00
Car 0.0 0 -1.65 664.82 185.37 697.63 223.39 1.53 1.63 3.68 0.04 0.79 0.93 -1.55 1.00
Car 0.0 0 -1.27 393.65 186.08 434.45 215.47 1.48 1.60 3.74 -0.35 0.76 1.06 -1.54 0.99
Car 0.0 0 -1.43 493.63 185.50 525.09 217.02 1.44 1.60 4.02 -0.20 0.74 1.01 -1.56 0.99
Car 0.0 0 -1.35 444.92 183.27 470.33 210.63 1.50 1.61 3.92 -0.28 0.77 1.07 -1.55 0.98
Car 0.0 0 -1.47 537.73 186.26 544.52 200.41 1.44 1.63 3.71 -0.15 0.73 1.02 -1.56 0.96
Car 0.0 0 -1.63 634.57 183.82 640.05 200.90 1.39 1.51 3.61 -0.02 0.71 0.96 -1.58 0.94
Car 0.0 0 -1.54 597.34 183.19 604.15 201.80 1.44 1.60 3.64 -0.07 0.73 0.97 -1.55 0.89
Car 0.0 0 -1.68 624.03 181.85 627.07 196.15 1.48 1.64 3.84 -0.03 0.75 1.04 -1.65 0.87
