Pedestrian 0.0 0 -2.39 657.18 169.99 671.25 260.82 1.74 0.63 0.77 0.03 0.92 1.01 -2.30 1.00
Pedestrian 0.0 0 3.17 1050.56 152.50 1119.07 335.97 1.73 0.66 1.05 0.69 0.96 1.11 -2.52 1.00
Pedestrian 0.0 0 -2.02 620.10 165.53 637.64 265.09 1.70 0.77 0.88 -0.02 0.90 1.01 -1.98 0.99
Pedestrian 0.0 0 -1.84 688.47 154.32 711.05 262.64 1.78 0.78 0.91 0.08 0.93 1.03 -1.70 0.99
Pedestrian 0.0 0 -1.40 285.51 171.68 299.57 259.95 1.75 0.70 0.94 -0.47 0.92 0.96 -1.80 0.99
Pedestrian 0.0 0 3.05 887.19 140.23 970.64 341.19 1.80 0.66 1.15 0.47 1.00 1.15 -2.80 0.99
Pedestrian 0.0 0 1.83 1166.81 134.45 1220.82 314.50 1.75 0.65 0.77 0.73 0.93 0.95 2.52 0.99
Pedestrian 0.0 0 2.16 110.63 170.23 180.18 366.35 1.76 0.69 0.87 -0.66 1.00 0.94 1.60 0.99
Pedestrian 0.0 0 -2.48 796.72 149.27 821.33 259.08 1.79 0.75 0.93 0.25 0.93 1.07 -2.19 0.99
Car 0.0 0 1.67 471.93 164.41 551.93 243.53 1.60 1.63 3.94 -0.17 0.83 0.89 1.54 1.00
Car 0.0 0 1.81 385.89 155.35 470.54 228.52 1.73 1.68 4.29 -0.28 0.88 0.92 1.57 1.00
