Car 0.0 0 1.88 410.61 191.61 472.25 234.13 1.51 1.63 3.97 -0.29 0.81 0.99 1.65 1.00
Car 0.0 0 2.26 8.40 215.77 188.66 371.08 1.47 1.60 3.85 -0.70 0.89 0.90 1.64 1.00
Car 0.0 0 1.92 310.82 199.61 412.47 264.42 1.50 1.59 3.92 -0.39 0.83 0.95 1.59 1.00
Car 0.0 0 2.01 135.12 206.69 325.28 316.03 1.39 1.54 3.61 -0.54 0.81 0.92 1.53 1.00
Car 0.0 0 2.58 982.85 143.34 1230.49 226.12 1.54 1.71 4.27 0.50 0.79 0.82 -3.10 1.00
Car 0.0 0 2.77 832.44 159.28 949.16 209.03 1.66 1.62 3.77 0.30 0.85 0.91 -3.14 1.00
Car 0.0 0 -1.71 681.99 178.21 729.29 222.27 1.51 1.62 3.89 0.06 0.79 0.91 -1.58 1.00
Car 0.0 0 2.67 881.26 147.95 1034.64 213.98 1.69 1.67 3.62 0.39 0.86 0.92 3.12 1.00
Car 0.0 0 -1.74 697.16 177.80 765.15 238.56 1.51 1.59 3.75 0.09 0.80 0.90 -1.57 1.00
Car 0.0 0 1.79 492.98 187.00 518.16 212.32 1.49 1.63 4.06 -0.19 0.78 0.93 1.65 1.00
Car 0.0 0 2.62 947.81 139.32 1105.98 222.30 1.63 1.62 3.43 0.47 0.83 0.91 -3.13 0.98
Car 0.0 0 1.73 529.69 183.39 537.75 200.34 1.46 1.59 3.95 -0.16 0.76 0.95 1.63 0.98
Car 0.0 0 -1.83 603.37 178.65 608.20 189.76 1.43 1.65 3.66 -0.06 0.73 0.93 -1.84 0.96
