Car 0.0 0 -1.19 202.84 186.23 319.40 255.38 1.45 1.59 3.83 -0.50 0.77 0.91 -1.64 1.00
Car 0.0 0 -1.30 340.07 180.17 464.51 271.04 1.48 1.65 3.93 -0.33 0.79 0.94 -1.58 1.00
Car 0.0 0 -1.55 586.05 178.37 639.86 238.87 1.60 1.69 3.79 -0.05 0.83 0.91 -1.54 1.00
Car 0.0 0 -1.43 459.77 183.61 502.68 225.38 1.49 1.63 3.91 -0.22 0.77 0.93 -1.60 1.00
Car 0.0 0 -1.47 500.50 183.59 517.49 209.84 1.48 1.55 3.58 -0.19 0.76 0.98 -1.60 0.99
Car 0.0 0 -0.94 16.06 173.46 180.18 310.99 1.57 1.62 3.97 -0.76 0.86 0.98 -1.56 0.98
Car 0.0 0 -1.48 524.37 182.61 535.50 202.40 1.48 1.61 3.74 -0.17 0.75 1.00 -1.59 0.98
Car 0.0 0 -1.21 307.07 185.32 359.26 215.29 1.42 1.56 3.79 -0.44 0.73 1.00 -1.57 0.97
Car 0.0 0 -0.85 10.42 186.08 186.38 370.16 1.53 1.66 4.16 -0.76 0.89 0.98 -1.47 0.96
Car 0.0 0 -1.26 336.45 184.08 404.49 227.60 1.46 1.59 4.00 -0.41 0.76 1.06 -1.58 0.96
