Car 0.0 0 -1.76 714.32 192.21 793.01 256.80 1.45 1.57 3.77 0.12 0.79 0.90 -1.56 1.00
Car 0.0 0 0.64 10.76 159.32 306.76 322.87 1.74 1.69 4.26 -0.55 0.95 0.79 0.08 1.00
Car 0.0 0 -1.94 772.19 200.62 1089.71 370.21 1.43 1.57 3.81 0.31 0.84 0.82 -1.52 1.00
Car 0.0 0 0.44 202.34 184.45 427.42 264.84 1.53 1.64 3.95 -0.43 0.83 0.90 0.05 1.00
Car 0.0 0 1.70 553.80 186.21 577.06 214.37 1.45 1.59 3.75 -0.12 0.76 0.95 1.64 1.00
Car 0.0 0 -1.68 668.96 180.17 693.29 211.95 1.54 1.59 3.71 0.03 0.80 0.93 -1.58 1.00
Car 0.0 0 3.24 466.70 181.38 529.51 210.42 1.53 1.66 3.97 -0.20 0.80 0.91 3.09 1.00
Car 0.0 0 3.41 348.77 182.54 479.64 234.70 1.54 1.59 3.86 -0.32 0.82 0.94 3.14 0.99
Car 0.0 0 0.37 282.61 184.63 450.11 249.36 1.52 1.59 3.78 -0.38 0.82 0.95 0.04 0.99
Car 0.0 0 -1.67 648.60 181.67 651.53 194.99 1.39 1.59 3.56 -0.00 0.72 1.00 -1.62 0.98
Car 0.0 0 -2.60 54.61 174.19 319.73 283.08 1.66 1.56 3.40 -0.62 0.90 0.95 -3.13 0.92
