Car 0.0 0 -2.67 48.34 180.63 349.42 285.29 1.52 1.62 4.17 -0.58 0.83 0.92 3.10 1.00
Car 0.0 0 -2.76 191.05 185.11 415.18 263.78 1.45 1.61 3.99 -0.45 0.79 0.92 3.12 1.00
Car 0.0 0 -0.34 821.28 189.13 991.86 252.02 1.44 1.61 3.81 0.31 0.78 0.90 0.05 1.00
Car 0.0 0 0.31 313.74 182.16 466.66 243.02 1.51 1.59 3.79 -0.34 0.81 0.93 0.02 1.00
Car 0.0 0 2.56 903.77 182.61 1230.38 316.07 1.49 1.61 3.91 0.46 0.83 0.82 3.13 1.00
Car 0.0 0 0.77 10.63 182.76 147.47 356.26 1.56 1.61 3.99 -0.68 0.89 0.85 0.14 1.00
Car 0.0 0 -0.21 715.53 181.15 817.25 219.20 1.51 1.65 4.19 0.15 0.79 0.94 -0.00 1.00
Car 0.0 0 0.20 456.45 177.76 524.44 207.54 1.58 1.67 4.02 -0.22 0.82 0.95 0.04 1.00
Car 0.0 0 -1.69 651.62 182.39 664.53 201.86 1.44 1.59 3.68 0.01 0.75 0.96 -1.62 0.99
Car 0.0 0 -0.33 796.22 184.79 937.59 239.57 1.50 1.61 4.00 0.27 0.80 0.92 0.02 0.99
Car 0.0 0 -2.90 354.10 174.15 475.75 228.15 1.70 1.64 3.86 -0.32 0.89 0.95 3.12 0.98
