Car 0.0 0 -1.84 733.77 195.15 887.72 302.69 1.44 1.58 3.74 0.18 0.81 0.87 -1.57 1.00
Car 0.0 0 0.35 290.47 181.68 467.08 243.41 1.51 1.64 4.07 -0.35 0.80 0.92 0.04 1.00
Car 0.0 0 -1.73 697.88 186.04 754.89 237.97 1.51 1.60 3.82 0.09 0.80 0.90 -1.57 1.00
Car 0.0 0 -2.66 214.69 176.73 383.49 249.31 1.62 1.54 3.09 -0.46 0.86 0.92 -3.07 0.99
Car 0.0 0 0.47 120.07 165.87 389.30 276.42 1.73 1.69 4.06 -0.51 0.92 0.90 0.01 0.99
Car 0.0 0 -1.67 664.91 179.10 683.22 204.25 1.53 1.57 3.83 0.03 0.79 0.95 -1.58 0.98
Car 0.0 0 0.31 345.58 181.53 482.86 235.43 1.56 1.61 3.95 -0.31 0.83 0.92 0.04 0.97
Car 0.0 0 3.28 483.55 177.76 538.32 201.41 1.47 1.59 4.01 -0.19 0.76 0.98 -3.14 0.94
Car 0.0 0 1.67 561.57 183.25 580.07 208.10 1.43 1.59 3.68 -0.11 0.74 0.92 1.62 0.93
Car 0.0 0 2.54 12.48 238.54 129.09 370.97 1.39 1.61 3.88 -0.82 0.88 1.02 1.90 0.76
