Pedestrian 0.0 0 1.68 417.23 175.41 410.79 208.74 1.78 0.71 0.84 -0.34 0.92 1.03 1.42 0.98
Pedestrian 0.0 0 1.72 402.79 177.98 400.88 222.72 1.74 0.71 0.80 -0.35 0.91 1.00 1.44 0.94
Car 0.0 0 -1.88 730.95 186.70 929.46 319.24 1.48 1.63 3.97 0.20 0.84 0.85 -1.58 1.00
Car 0.0 0 -1.71 585.95 183.42 625.08 224.88 1.51 1.59 3.79 -0.07 0.80 0.94 -1.71 1.00
Car 0.0 0 -1.25 222.42 204.86 365.68 300.65 1.47 1.59 3.65 -0.47 0.84 0.93 -1.66 1.00
Car 0.0 0 -1.76 647.45 185.36 741.27 255.08 1.44 1.59 3.96 0.05 0.78 0.93 -1.65 0.99
Car 0.0 0 -1.63 562.04 186.99 579.54 212.89 1.50 1.61 3.75 -0.11 0.79 0.98 -1.69 0.97
Car 0.0 0 1.82 314.41 194.50 393.88 264.27 1.52 1.49 3.62 -0.40 0.83 0.95 1.48 0.96
Car 0.0 0 -1.54 417.75 189.64 443.30 219.56 1.44 1.61 3.55 -0.30 0.76 0.96 -1.78 0.87
Car 0.0 0 0.32 1248.81 208.80 1230.51 361.24 1.50 1.56 4.03 0.81 0.90 1.00 1.04 0.84
Car 0.0 0 -1.63 547.43 186.95 552.74 204.69 1.45 1.55 3.59 -0.14 0.75 0.92 -1.72 0.29
Cyclist 0.0 0 1.72 405.51 182.56 440.56 283.95 1.75 0.67 1.81 -0.32 0.96 0.99 1.46 0.99
Cyclist 0.0 0 1.79 330.29 180.64 387.28 302.34 1.78 0.65 1.88 -0.40 0.98 0.97 1.46 0.99
