Car 0.0 0 1.93 298.95 181.21 474.24 293.11 1.51 1.63 4.07 -0.34 0.83 0.90 1.63 1.00
Car 0.0 0 1.83 416.13 164.49 525.75 252.97 1.60 1.62 4.00 -0.24 0.85 0.93 1.64 1.00
Car 0.0 0 -1.73 733.10 170.57 782.52 215.61 1.46 1.58 3.79 0.14 0.76 0.97 -1.53 1.00
Car 0.0 0 1.73 521.12 171.72 572.53 220.10 1.53 1.66 4.04 -0.14 0.80 0.94 1.64 1.00
Car 0.0 0 -1.70 717.47 165.92 751.34 202.70 1.52 1.58 3.79 0.11 0.77 0.97 -1.53 1.00
Car 0.0 0 1.68 556.80 172.94 582.21 204.29 1.54 1.66 4.15 -0.11 0.79 0.98 1.63 0.99
Car 0.0 0 -0.52 914.55 139.07 1130.51 214.04 1.62 1.71 4.53 0.46 0.82 0.91 -0.00 0.99
Car 0.0 0 1.54 660.19 165.52 664.39 178.26 1.44 1.57 3.68 0.00 0.72 0.88 1.61 0.90
Car 0.0 0 1.62 595.82 171.18 599.27 189.03 1.47 1.56 3.85 -0.08 0.75 0.98 1.60 0.74
Cyclist 0.0 0 -2.44 1229.45 200.08 1230.65 370.76 1.65 0.67 1.85 0.80 0.98 1.00 -1.73 0.92
