Car 0.0 0 -2.90 772.15 174.34 879.83 219.91 1.67 1.62 4.09 0.22 0.87 0.94 -2.61 1.00
Car 0.0 0 2.02 18.33 215.68 250.75 362.64 1.39 1.53 3.56 -0.65 0.84 0.89 1.43 1.00
Car 0.0 0 -1.90 689.27 198.82 892.48 331.23 1.39 1.56 3.76 0.16 0.81 0.88 -1.66 1.00
Car 0.0 0 1.74 393.25 194.78 418.34 220.93 1.48 1.63 3.91 -0.34 0.79 0.98 1.46 1.00
Car 0.0 0 -2.87 711.12 181.48 796.11 212.74 1.47 1.51 4.14 0.14 0.77 0.98 -2.67 1.00
Car 0.0 0 -1.69 576.73 192.58 617.67 234.58 1.44 1.58 3.69 -0.08 0.78 0.98 -1.70 1.00
Car 0.0 0 -1.59 551.19 186.91 556.90 204.90 1.45 1.60 3.73 -0.13 0.76 0.97 -1.67 0.99
Car 0.0 0 1.71 1044.96 149.76 1216.50 292.83 1.61 1.64 4.01 0.55 0.86 0.84 2.34 0.99
Car 0.0 0 -2.16 996.23 170.70 1240.70 376.30 1.60 1.64 4.04 0.61 0.93 0.94 -1.54 0.98
Car 0.0 0 1.73 480.95 190.05 483.16 201.80 1.42 1.60 3.83 -0.23 0.74 0.94 1.56 0.97
Car 0.0 0 -1.67 566.54 193.92 590.59 223.38 1.44 1.56 3.73 -0.10 0.77 1.01 -1.71 0.92
