Car 0.0 0 -1.95 765.77 199.64 1047.90 370.93 1.48 1.59 3.69 0.28 0.87 0.82 -1.56 1.00
Car 0.0 0 -2.67 17.08 172.42 341.05 301.33 1.64 1.67 4.04 -0.58 0.90 0.87 3.07 1.00
Car 0.0 0 -1.74 682.40 182.61 753.42 249.47 1.53 1.55 3.55 0.08 0.82 0.91 -1.59 1.00
Car 0.0 0 -1.69 667.64 186.49 711.40 230.31 1.50 1.61 3.87 0.05 0.80 0.96 -1.58 1.00
Car 0.0 0 0.31 260.59 187.68 424.05 254.54 1.52 1.58 3.72 -0.41 0.82 0.94 -0.04 1.00
Car 0.0 0 0.77 9.60 197.32 140.81 373.84 1.55 1.63 4.08 -0.72 0.91 0.88 0.13 1.00
Car 0.0 0 -2.99 438.57 179.22 509.11 213.72 1.63 1.62 3.85 -0.23 0.85 0.91 3.11 1.00
Car 0.0 0 -1.64 651.97 182.06 680.03 217.71 1.58 1.59 3.79 0.01 0.83 0.95 -1.56 1.00
Car 0.0 0 -2.82 295.18 187.79 430.23 244.77 1.55 1.57 3.74 -0.36 0.83 0.88 3.14 0.99
Car 0.0 0 0.43 167.74 187.79 373.69 270.58 1.50 1.58 3.47 -0.49 0.82 0.91 -0.01 0.97
