Car 0.0 0 1.83 361.18 194.85 434.19 248.03 1.43 1.58 3.77 -0.35 0.78 0.98 1.55 1.00
Car 0.0 0 -1.73 674.36 176.34 720.55 223.77 1.50 1.57 3.76 0.05 0.78 0.89 -1.61 1.00
Car 0.0 0 1.77 419.85 192.19 465.98 231.26 1.42 1.61 3.80 -0.28 0.76 0.97 1.55 1.00
Car 0.0 0 1.70 472.65 184.42 498.19 215.11 1.52 1.59 3.96 -0.23 0.80 0.98 1.53 0.99
Car 0.0 0 -0.90 9.45 209.82 69.24 246.01 1.47 1.66 4.19 -0.87 0.81 1.03 -1.57 0.99
Car 0.0 0 -0.91 23.42 207.86 133.92 248.25 1.42 1.62 4.14 -0.80 0.79 1.00 -1.55 0.99
Car 0.0 0 1.70 490.83 183.20 512.42 209.80 1.50 1.67 4.07 -0.21 0.78 0.98 1.55 0.99
Car 0.0 0 -1.55 1086.85 137.63 1181.30 183.22 1.61 1.66 4.15 0.65 0.79 0.97 -0.92 0.98
Car 0.0 0 -1.61 638.48 178.49 637.71 190.07 1.42 1.62 3.68 -0.02 0.73 0.94 -1.57 0.93
Car 0.0 0 1.65 578.27 179.99 576.90 189.11 1.44 1.58 3.93 -0.10 0.74 1.01 1.61 0.81
Car 0.0 0 1.67 544.15 181.76 547.01 194.71 1.44 1.58 3.81 -0.15 0.74 1.00 1.58 0.65
