Car 0.0 0 -1.87 754.37 198.57 970.43 340.28 1.45 1.61 3.99 0.23 0.84 0.83 -1.54 1.00
Car 0.0 0 -1.73 707.28 187.66 775.83 245.41 1.45 1.58 3.86 0.10 0.78 0.88 -1.55 1.00
Car 0.0 0 0.40 259.18 181.91 449.18 252.28 1.51 1.61 3.90 -0.38 0.81 0.90 0.06 1.00
Car 0.0 0 1.67 559.95 183.13 578.93 208.98 1.46 1.60 3.78 -0.11 0.76 0.95 1.61 1.00
Car 0.0 0 -1.68 667.13 178.07 689.35 206.48 1.50 1.60 3.82 0.03 0.78 0.98 -1.58 0.99
Car 0.0 0 -2.97 478.19 178.96 535.03 205.20 1.49 1.61 3.91 -0.19 0.77 0.92 -3.11 0.99
Car 0.0 0 0.50 27.76 164.89 361.66 293.83 1.77 1.73 4.39 -0.57 0.95 0.88 -0.02 0.99
Car 0.0 0 -2.65 144.31 178.42 349.13 262.58 1.56 1.55 3.17 -0.51 0.84 0.89 -3.11 0.99
Car 0.0 0 0.32 323.71 179.34 472.62 238.70 1.61 1.64 3.97 -0.34 0.85 0.96 0.04 0.99
Car 0.0 0 3.37 384.42 181.07 483.48 221.48 1.53 1.59 3.77 -0.30 0.81 0.97 3.14 0.98
Car 0.0 0 -1.66 650.26 178.99 649.84 190.36 1.45 1.60 3.63 -0.00 0.74 1.01 -1.61 0.92
