Car 0.0 0 1.81 450.06 186.52 513.06 238.14 1.52 1.63 3.85 -0.23 0.82 0.98 1.63 1.00
Car 0.0 0 -1.82 765.18 186.90 903.65 285.97 1.50 1.62 3.95 0.21 0.82 0.87 -1.52 1.00
Car 0.0 0 -1.98 835.87 199.47 1170.12 370.95 1.42 1.59 3.94 0.40 0.84 0.85 -1.48 1.00
Car 0.0 0 3.10 1124.04 183.70 1232.94 265.39 1.51 1.63 3.95 0.66 0.82 0.91 -2.52 1.00
Car 0.0 0 1.70 520.59 187.85 547.96 219.76 1.48 1.63 3.98 -0.16 0.78 0.92 1.60 0.99
Car 0.0 0 0.40 173.66 188.47 294.42 228.10 1.54 1.66 4.42 -0.57 0.82 0.97 -0.08 0.99
Car 0.0 0 1.77 493.51 187.06 533.67 223.13 1.46 1.58 3.92 -0.19 0.77 0.99 1.63 0.99
Car 0.0 0 1.75 542.13 187.28 564.47 213.06 1.46 1.60 3.87 -0.14 0.77 0.97 1.67 0.99
Car 0.0 0 -1.61 702.45 178.30 719.15 206.37 1.59 1.65 3.90 0.09 0.82 1.03 -1.47 0.97
Car 0.0 0 1.85 645.44 180.95 646.04 188.43 1.42 1.59 4.01 -0.01 0.73 1.01 1.90 0.80
Car 0.0 0 1.74 606.30 182.39 612.92 195.92 1.44 1.63 3.84 -0.06 0.75 1.05 1.74 0.77
