Pedestrian 0.0 0 -1.45 332.56 172.24 339.27 243.34 1.78 0.65 0.77 -0.43 0.93 1.01 -1.80 1.00
Pedestrian 0.0 0 -1.85 660.80 157.30 675.15 250.71 1.78 0.71 0.92 0.03 0.92 0.94 -1.75 0.99
Pedestrian 0.0 0 -2.35 708.47 157.37 723.31 251.92 1.76 0.65 0.80 0.10 0.92 1.02 -2.19 0.99
Pedestrian 0.0 0 -2.77 623.42 171.38 634.23 253.01 1.70 0.71 0.86 -0.02 0.90 1.04 -2.73 0.99
Pedestrian 0.0 0 3.14 758.40 142.02 835.52 338.33 1.78 0.66 1.12 0.25 0.98 1.13 -2.88 0.99
Pedestrian 0.0 0 -3.00 875.81 156.17 925.91 309.10 1.77 0.63 1.08 0.40 0.96 1.09 -2.60 0.99
Pedestrian 0.0 0 1.88 1166.83 132.45 1220.29 315.98 1.76 0.62 0.78 0.75 0.94 0.98 2.57 0.99
Pedestrian 0.0 0 -1.72 591.95 168.80 598.60 245.45 1.77 0.75 0.80 -0.07 0.92 1.05 -1.73 0.98
Car 0.0 0 1.80 401.23 164.48 528.02 268.41 1.63 1.66 3.97 -0.22 0.86 0.87 1.62 1.00
Car 0.0 0 1.80 388.79 159.04 460.66 217.85 1.67 1.65 4.18 -0.29 0.84 0.92 1.56 0.99
