Car 0.0 0 1.87 255.77 211.69 436.75 341.97 1.41 1.54 3.59 -0.39 0.84 0.92 1.52 1.00
Car 0.0 0 -1.86 735.95 201.84 941.61 344.19 1.42 1.57 3.67 0.20 0.83 0.82 -1.55 1.00
Car 0.0 0 1.75 388.27 210.31 480.70 286.81 1.50 1.60 3.94 -0.29 0.85 0.93 1.51 1.00
Car 0.0 0 -1.77 690.06 201.66 794.12 278.98 1.43 1.60 4.03 0.10 0.79 0.84 -1.59 1.00
Car 0.0 0 -2.16 868.65 207.08 1225.75 370.74 1.42 1.59 3.73 0.47 0.85 0.87 -1.61 1.00
Car 0.0 0 1.69 481.34 205.30 521.95 250.03 1.52 1.65 4.02 -0.20 0.83 0.91 1.54 1.00
Car 0.0 0 2.96 827.18 179.72 921.30 221.99 1.79 1.68 3.91 0.29 0.93 0.96 -2.97 1.00
Car 0.0 0 1.70 449.20 207.12 498.42 257.00 1.44 1.59 3.92 -0.24 0.80 0.94 1.52 0.99
Car 0.0 0 -1.83 597.16 201.29 606.87 214.68 1.36 1.58 3.51 -0.07 0.73 0.92 -1.84 0.99
Car 0.0 0 -1.67 670.28 200.46 703.51 239.36 1.52 1.56 3.74 0.04 0.82 0.97 -1.57 0.99
Car 0.0 0 -1.71 677.97 198.04 734.79 251.66 1.47 1.57 3.70 0.07 0.80 0.94 -1.58 0.99
Car 0.0 0 -1.79 635.56 199.39 649.23 216.61 1.48 1.62 3.63 -0.02 0.79 0.91 -1.75 0.98
Car 0.0 0 2.51 565.53 195.50 582.09 206.12 1.54 1.36 3.69 -0.11 0.81 0.98 2.46 0.92
Cyclist 0.0 0 2.37 548.11 195.40 551.09 212.88 1.67 0.64 1.59 -0.14 0.88 0.97 2.29 0.99
