Car 0.0 0 -1.72 638.54 182.05 701.33 242.20 1.53 1.61 3.63 0.02 0.81 0.93 -1.63 1.00
Car 0.0 0 2.03 51.01 200.31 329.63 353.99 1.47 1.59 3.89 -0.57 0.86 0.87 1.50 1.00
Car 0.0 0 -1.47 418.36 191.60 456.51 232.46 1.44 1.57 3.67 -0.28 0.77 0.92 -1.70 1.00
Car 0.0 0 -1.65 608.58 182.97 635.69 216.63 1.53 1.61 3.77 -0.04 0.80 0.94 -1.63 0.99
Car 0.0 0 1.68 477.08 186.52 487.41 204.96 1.44 1.60 3.87 -0.23 0.75 0.94 1.50 0.99
Car 0.0 0 -1.64 593.75 182.22 602.39 201.45 1.46 1.57 3.74 -0.08 0.75 0.96 -1.65 0.98
Car 0.0 0 -1.98 752.85 173.03 1044.78 351.33 1.53 1.59 3.83 0.31 0.88 0.93 -1.60 0.98
Car 0.0 0 -1.45 448.54 184.30 474.23 215.99 1.44 1.55 3.56 -0.25 0.75 0.93 -1.66 0.98
Car 0.0 0 -0.72 8.18 230.86 133.73 371.85 1.38 1.64 3.56 -0.80 0.87 0.98 -1.37 0.98
Car 0.0 0 1.69 569.20 179.09 570.17 190.00 1.49 1.63 3.95 -0.12 0.76 1.00 1.63 0.80
