Car 0.0 0 -1.86 763.45 195.03 969.74 334.85 1.43 1.57 3.73 0.24 0.82 0.83 -1.52 1.00
Car 0.0 0 0.58 8.92 168.26 300.16 314.32 1.70 1.68 3.98 -0.57 0.93 0.81 0.02 1.00
Car 0.0 0 -2.84 172.58 180.04 369.44 260.92 1.53 1.55 3.71 -0.49 0.83 0.91 3.00 1.00
Car 0.0 0 3.26 454.14 173.41 517.30 202.74 1.51 1.69 4.11 -0.21 0.77 0.89 3.09 1.00
Car 0.0 0 0.66 10.40 174.96 212.32 364.18 1.61 1.62 3.89 -0.64 0.92 0.84 0.06 1.00
Car 0.0 0 -2.90 420.50 177.45 494.68 206.02 1.50 1.63 4.03 -0.26 0.77 0.96 -3.11 1.00
Car 0.0 0 0.31 323.91 166.80 458.23 226.45 1.65 1.63 3.81 -0.35 0.86 0.94 0.02 0.99
Car 0.0 0 2.90 717.91 172.78 846.18 219.98 1.53 1.67 4.46 0.15 0.79 0.89 3.14 0.99
Car 0.0 0 -1.65 644.19 163.87 678.25 205.55 1.57 1.64 3.71 0.01 0.80 0.97 -1.58 0.99
Car 0.0 0 2.81 802.23 185.08 979.84 256.33 1.59 1.64 4.05 0.29 0.85 0.89 -3.10 0.99
Car 0.0 0 -0.19 779.05 183.54 914.71 235.36 1.54 1.66 4.21 0.26 0.82 0.96 0.13 0.98
Car 0.0 0 -1.65 633.58 168.69 643.18 191.08 1.58 1.61 3.67 -0.02 0.80 0.94 -1.61 0.96
