Pedestrian 0.0 0 -2.87 187.17 175.49 191.74 244.60 1.79 0.55 1.05 -0.66 0.94 1.02 2.88 0.99
Pedestrian 0.0 0 -2.84 219.70 175.67 223.77 243.99 1.72 0.58 0.78 -0.64 0.91 1.06 2.95 0.99
Pedestrian 0.0 0 -0.12 591.22 154.93 595.37 234.28 1.78 0.56 0.93 -0.08 0.91 1.08 -0.13 0.99
Pedestrian 0.0 0 0.23 416.85 167.43 409.81 230.02 1.85 0.72 0.86 -0.36 0.95 1.09 -0.04 0.98
Pedestrian 0.0 0 -0.61 313.77 167.33 321.38 236.48 1.60 0.54 0.86 -0.50 0.83 1.08 -1.00 0.71
Pedestrian 0.0 0 0.46 178.35 186.98 177.26 235.05 1.65 0.45 0.84 -0.63 0.87 0.94 -0.08 0.45
Car 0.0 0 -1.31 320.40 180.61 465.44 288.24 1.47 1.61 3.78 -0.33 0.81 0.89 -1.60 1.00
Car 0.0 0 -0.57 1080.76 151.71 1160.01 180.90 1.50 1.70 4.07 0.64 0.73 0.96 0.06 1.00
Car 0.0 0 -0.60 1173.42 128.63 1213.13 197.06 1.54 1.59 3.75 0.73 0.75 0.94 0.10 0.96
Car 0.0 0 1.68 483.37 174.25 486.06 188.30 1.39 1.56 3.85 -0.23 0.70 1.01 1.51 0.96
Cyclist 0.0 0 -1.08 885.72 152.28 891.11 194.82 1.66 0.59 1.69 0.36 0.82 1.04 -0.70 1.00
Cyclist 0.0 0 -0.47 1174.67 136.28 1212.14 211.80 1.70 0.63 1.78 0.80 0.84 1.03 0.22 0.99
Cyclist 0.0 0 -0.77 836.52 150.49 855.02 192.06 1.78 0.60 1.82 0.28 0.88 0.99 -0.44 0.99
Cyclist 0.0 0 -0.43 1070.88 147.02 1115.99 192.83 1.67 0.62 1.85 0.64 0.82 1.01 0.18 0.98
Cyclist 0.0 0 -0.35 304.18 170.73 347.60 240.53 1.74 0.65 1.72 -0.48 0.91 1.05 -0.72 0.92
