Car 0.0 0 -1.83 746.09 184.29 866.07 272.41 1.50 1.60 3.91 0.18 0.82 0.88 -1.56 1.00
Car 0.0 0 -1.96 795.73 187.19 1065.81 344.56 1.46 1.63 3.99 0.32 0.84 0.84 -1.55 1.00
Car 0.0 0 -2.23 1012.17 206.23 1233.09 372.38 1.42 1.58 3.57 0.53 0.85 0.83 -1.61 1.00
Car 0.0 0 2.07 18.12 199.77 339.29 369.78 1.49 1.63 3.96 -0.56 0.88 0.84 1.53 1.00
Car 0.0 0 1.95 269.62 193.95 423.43 281.20 1.41 1.60 3.89 -0.40 0.79 0.92 1.60 1.00
Car 0.0 0 1.78 481.89 182.91 521.05 217.93 1.46 1.60 3.85 -0.21 0.77 0.97 1.63 1.00
Car 0.0 0 -1.77 723.51 183.62 792.90 242.61 1.53 1.60 3.78 0.14 0.82 0.94 -1.56 1.00
Car 0.0 0 -1.71 700.33 180.41 736.87 219.76 1.56 1.61 3.79 0.09 0.82 0.96 -1.56 0.99
Car 0.0 0 1.69 508.76 182.21 534.09 211.08 1.52 1.66 4.06 -0.18 0.79 1.00 1.57 0.98
Car 0.0 0 -1.70 708.37 183.80 752.33 225.72 1.48 1.63 3.77 0.09 0.78 0.92 -1.53 0.95
Car 0.0 0 -1.68 635.06 177.62 642.43 191.31 1.45 1.66 3.73 -0.02 0.74 0.95 -1.64 0.91
