Pedestrian 0.0 0 -1.55 294.20 141.15 307.89 255.57 1.87 0.65 0.81 -0.51 0.96 1.03 -1.96 0.99
Pedestrian 0.0 0 1.32 531.03 157.35 527.15 213.68 1.74 0.69 0.89 -0.17 0.88 1.00 1.21 0.99
Pedestrian 0.0 0 -2.03 664.79 150.98 657.10 196.95 1.69 0.54 0.76 0.02 0.84 0.99 -1.95 0.99
Pedestrian 0.0 0 3.07 403.70 152.22 390.13 187.17 1.80 0.65 0.93 -0.37 0.88 1.06 2.79 0.98
Pedestrian 0.0 0 1.01 833.11 149.86 866.06 294.14 1.84 0.65 0.94 0.28 0.98 0.97 1.35 0.98
Pedestrian 0.0 0 1.38 506.92 152.04 502.57 218.29 1.82 0.65 0.86 -0.21 0.92 1.05 1.24 0.98
Pedestrian 0.0 0 -1.39 458.14 151.11 455.58 214.29 1.73 0.69 0.87 -0.28 0.87 1.04 -1.60 0.98
Pedestrian 0.0 0 -0.87 633.99 150.08 624.74 190.44 1.73 0.68 0.72 -0.02 0.85 0.99 -0.83 0.98
Pedestrian 0.0 0 0.32 427.37 146.92 424.65 209.39 1.76 0.68 0.85 -0.33 0.88 1.05 0.07 0.97
Pedestrian 0.0 0 0.86 1059.45 152.63 1127.65 349.21 1.72 0.59 0.85 0.61 0.96 0.97 1.47 0.96
Pedestrian 0.0 0 2.70 383.66 152.89 371.45 195.53 1.80 0.75 0.86 -0.39 0.90 1.01 2.39 0.92
Pedestrian 0.0 0 -2.58 356.28 157.77 350.08 191.82 1.76 0.56 1.13 -0.41 0.87 0.99 -2.92 0.23
Cyclist 0.0 0 -2.58 356.28 157.77 350.08 191.82 1.76 0.56 1.13 -0.41 0.87 0.99 -2.92 0.28
