Car 0.0 0 -2.44 856.90 177.96 1052.52 256.39 1.39 1.58 3.90 0.36 0.75 0.87 -1.99 1.00
Car 0.0 0 -2.47 14.53 199.23 206.82 364.19 1.48 1.63 4.02 -0.65 0.87 0.85 -3.07 1.00
Car 0.0 0 -2.83 326.22 192.18 453.28 241.05 1.50 1.60 3.93 -0.35 0.81 0.94 -3.12 1.00
Car 0.0 0 -1.76 656.99 184.17 699.81 224.19 1.48 1.57 3.63 0.03 0.78 0.93 -1.67 1.00
Car 0.0 0 -2.63 13.76 185.39 336.38 312.53 1.61 1.64 3.96 -0.60 0.90 0.89 3.11 1.00
Car 0.0 0 -2.78 248.80 197.81 396.12 258.48 1.52 1.61 3.58 -0.42 0.83 0.90 3.13 0.99
Car 0.0 0 0.17 458.39 188.58 520.99 213.34 1.40 1.64 3.97 -0.21 0.73 0.87 0.00 0.97
Car 0.0 0 -1.67 640.10 186.20 659.71 213.25 1.49 1.55 3.77 -0.01 0.78 0.97 -1.62 0.97
Car 0.0 0 -2.68 181.96 193.58 367.72 272.35 1.56 1.55 3.26 -0.51 0.86 0.97 -3.11 0.96
Car 0.0 0 -2.71 154.90 196.11 355.13 285.03 1.52 1.56 3.43 -0.51 0.84 0.92 3.12 0.95
