Car 0.0 0 -2.03 800.63 175.15 1196.39 371.70 1.51 1.63 3.97 0.37 0.87 0.80 -1.53 1.00
Car 0.0 0 2.38 7.85 205.50 190.35 372.27 1.52 1.63 3.89 -0.70 0.91 0.91 1.76 1.00
Car 0.0 0 1.41 669.50 175.30 711.54 216.95 1.57 1.59 3.97 0.04 0.81 0.90 1.52 0.99
Car 0.0 0 -1.69 488.18 184.76 508.45 207.85 1.44 1.65 3.63 -0.21 0.75 0.99 -1.84 0.99
Car 0.0 0 -1.70 640.74 179.98 660.59 204.82 1.47 1.60 3.71 -0.00 0.76 0.99 -1.64 0.98
Car 0.0 0 -1.75 583.81 180.07 596.81 197.16 1.47 1.64 3.69 -0.09 0.75 0.99 -1.78 0.97
Car 0.0 0 -1.82 614.74 178.23 636.72 200.38 1.50 1.64 3.82 -0.04 0.77 1.03 -1.80 0.97
Car 0.0 0 -2.75 1170.74 195.16 1234.52 367.11 1.51 1.60 3.83 0.79 0.91 1.03 -2.07 0.96
Car 0.0 0 -1.78 675.36 172.02 730.92 222.15 1.58 1.62 3.93 0.06 0.82 0.93 -1.65 0.93
Car 0.0 0 -1.73 691.48 176.30 761.83 234.72 1.47 1.60 3.76 0.10 0.78 0.97 -1.57 0.85
