Car 0.0 0 -1.30 340.37 195.19 456.34 271.59 1.43 1.62 4.01 -0.34 0.78 0.95 -1.58 1.00
Car 0.0 0 -1.13 133.62 184.79 295.16 266.02 1.48 1.63 3.96 -0.57 0.79 0.93 -1.63 1.00
Car 0.0 0 -1.31 407.43 185.03 442.88 216.45 1.45 1.54 3.62 -0.32 0.75 1.02 -1.56 1.00
Car 0.0 0 -1.41 457.07 187.75 498.96 229.02 1.47 1.62 3.83 -0.24 0.77 1.02 -1.59 1.00
Car 0.0 0 -1.46 494.45 185.65 516.55 214.82 1.45 1.57 3.64 -0.19 0.75 0.94 -1.60 0.99
Car 0.0 0 -1.08 86.66 189.98 204.71 244.47 1.44 1.60 3.96 -0.72 0.77 1.02 -1.65 0.99
Car 0.0 0 -0.87 11.88 185.63 136.94 330.70 1.47 1.61 3.88 -0.80 0.84 0.99 -1.51 0.98
Car 0.0 0 -1.33 12.93 204.36 135.13 374.63 1.46 1.65 4.16 -0.78 0.87 0.96 -1.96 0.96
Car 0.0 0 -1.57 586.84 179.93 601.11 206.83 1.62 1.69 3.78 -0.08 0.82 1.07 -1.59 0.92
Car 0.0 0 -1.20 289.40 182.61 337.54 212.41 1.54 1.66 4.23 -0.52 0.79 1.12 -1.58 0.58
