Car 0.0 0 -1.85 762.74 181.94 921.34 293.02 1.50 1.62 3.88 0.22 0.83 0.88 -1.54 1.00
Car 0.0 0 -2.04 838.91 190.32 1230.16 372.33 1.46 1.63 3.95 0.41 0.85 0.80 -1.51 1.00
Car 0.0 0 -1.79 732.09 183.34 815.90 250.04 1.52 1.60 3.80 0.15 0.81 0.91 -1.57 1.00
Car 0.0 0 2.19 11.62 206.68 266.67 371.61 1.47 1.62 3.87 -0.64 0.88 0.88 1.61 1.00
Car 0.0 0 1.97 208.59 194.91 396.05 302.36 1.45 1.60 3.98 -0.44 0.82 0.89 1.57 1.00
Car 0.0 0 1.78 467.35 181.46 511.53 219.73 1.48 1.60 3.79 -0.22 0.78 0.99 1.61 1.00
Car 0.0 0 1.73 494.28 180.20 526.66 212.46 1.50 1.66 4.09 -0.19 0.78 0.95 1.60 1.00
Car 0.0 0 -1.72 702.37 178.97 743.43 221.46 1.56 1.58 3.75 0.09 0.82 0.96 -1.56 0.99
Car 0.0 0 -1.68 713.20 185.15 764.29 231.51 1.47 1.62 3.74 0.10 0.78 0.87 -1.51 0.96
Car 0.0 0 -1.97 644.33 178.21 654.50 190.08 1.40 1.63 3.64 -0.01 0.72 0.97 -1.91 0.85
Car 0.0 0 -2.73 1245.86 220.33 1231.12 373.28 1.61 1.55 3.38 0.87 0.99 1.06 -2.01 0.59
