Car 0.0 0 -1.82 772.77 157.76 935.77 277.44 1.58 1.67 3.98 0.24 0.85 0.89 -1.50 1.00
Car 0.0 0 2.04 45.64 194.58 352.13 360.53 1.49 1.59 3.81 -0.56 0.87 0.87 1.53 1.00
Car 0.0 0 -1.74 744.17 175.92 811.54 234.97 1.53 1.61 3.83 0.17 0.81 0.96 -1.51 1.00
Car 0.0 0 -1.71 723.62 171.73 769.87 220.31 1.53 1.57 3.60 0.11 0.79 0.90 -1.52 1.00
Car 0.0 0 2.43 10.10 223.83 139.16 370.92 1.48 1.66 4.08 -0.80 0.91 0.99 1.79 0.99
Car 0.0 0 1.76 528.36 175.07 556.55 202.71 1.48 1.62 3.88 -0.16 0.76 1.02 1.67 0.99
Car 0.0 0 -1.68 715.59 174.91 745.29 209.66 1.52 1.61 3.68 0.09 0.79 0.91 -1.51 0.98
Car 0.0 0 1.71 599.24 173.00 603.80 186.37 1.34 1.55 3.97 -0.07 0.68 1.02 1.70 0.98
Car 0.0 0 -1.69 709.68 172.65 737.31 204.55 1.51 1.61 3.68 0.10 0.78 0.99 -1.54 0.95
Car 0.0 0 -0.07 639.00 167.20 652.83 177.93 1.54 1.59 3.86 -0.01 0.77 0.95 -0.02 0.66
