Car 0.0 0 1.79 360.77 170.49 468.12 255.16 1.53 1.63 3.93 -0.30 0.82 0.90 1.53 1.00
Car 0.0 0 -1.86 762.75 172.72 970.58 319.03 1.51 1.60 3.64 0.26 0.84 0.88 -1.52 1.00
Car 0.0 0 1.68 492.56 167.49 518.32 200.70 1.56 1.68 4.16 -0.20 0.79 0.95 1.54 1.00
Car 0.0 0 1.72 433.30 171.82 490.80 228.45 1.54 1.64 4.15 -0.25 0.81 0.95 1.52 1.00
Car 0.0 0 -1.79 694.05 168.75 806.06 255.69 1.53 1.63 4.00 0.11 0.82 0.88 -1.60 1.00
Car 0.0 0 -1.74 666.86 166.36 728.24 219.86 1.53 1.63 3.95 0.05 0.79 0.92 -1.62 1.00
Car 0.0 0 -2.43 1025.00 209.04 1237.18 370.08 1.50 1.61 3.75 0.63 0.91 0.95 -1.80 0.99
Car 0.0 0 -1.75 625.48 164.88 634.60 179.71 1.45 1.61 3.70 -0.03 0.73 0.97 -1.72 0.99
Car 0.0 0 2.94 805.58 153.06 869.06 184.35 1.77 1.77 4.01 0.26 0.88 1.01 -3.04 0.99
Car 0.0 0 1.68 463.59 166.96 501.09 209.93 1.65 1.67 4.34 -0.22 0.85 0.93 1.50 0.99
Car 0.0 0 -1.89 589.94 163.68 598.15 175.01 1.44 1.62 3.69 -0.08 0.71 1.03 -1.91 0.73
