Car 0.0 0 -1.94 747.22 199.60 1002.78 355.51 1.42 1.59 3.84 0.26 0.84 0.87 -1.59 1.00
Car 0.0 0 2.04 12.34 216.25 249.61 370.37 1.42 1.55 3.59 -0.66 0.86 0.90 1.45 1.00
Car 0.0 0 -2.91 828.19 170.93 945.13 222.71 1.71 1.60 3.81 0.29 0.88 0.91 -2.55 1.00
Car 0.0 0 -1.71 615.00 190.99 660.64 235.14 1.45 1.58 3.78 -0.02 0.78 0.98 -1.67 1.00
Car 0.0 0 -1.66 603.18 189.95 633.17 226.10 1.52 1.59 3.77 -0.05 0.81 0.99 -1.65 0.99
Car 0.0 0 -2.84 754.26 180.46 850.57 214.21 1.52 1.53 4.10 0.21 0.79 1.02 -2.58 0.99
Car 0.0 0 -2.85 794.86 181.16 898.74 219.95 1.54 1.51 3.89 0.25 0.80 0.93 -2.53 0.99
Car 0.0 0 -1.54 589.72 182.71 597.15 201.87 1.47 1.65 3.85 -0.08 0.76 0.97 -1.57 0.99
Car 0.0 0 1.71 429.03 192.73 455.96 222.59 1.49 1.61 3.79 -0.29 0.79 1.00 1.48 0.96
Car 0.0 0 -2.30 1196.10 167.80 1232.70 250.45 1.64 1.65 3.87 0.73 0.87 0.93 -1.60 0.94
