Car 0.0 0 -2.58 11.06 202.08 242.58 303.52 1.46 1.58 3.81 -0.64 0.83 0.87 3.11 1.00
Car 0.0 0 -0.57 858.78 194.11 1234.89 368.51 1.50 1.65 3.99 0.48 0.89 0.88 -0.03 1.00
Car 0.0 0 0.66 6.56 182.96 158.79 331.75 1.61 1.59 3.89 -0.70 0.91 0.87 0.03 1.00
Car 0.0 0 0.49 55.61 191.50 309.17 282.73 1.55 1.64 3.97 -0.60 0.86 0.90 -0.04 1.00
Car 0.0 0 -0.33 712.57 205.36 851.89 258.83 1.47 1.59 3.75 0.17 0.82 0.97 -0.10 1.00
Car 0.0 0 -2.81 214.45 193.84 383.12 254.97 1.48 1.61 4.05 -0.46 0.81 0.94 3.07 1.00
Car 0.0 0 -0.29 683.43 198.11 809.70 251.28 1.48 1.60 3.79 0.11 0.81 0.91 -0.10 0.99
Car 0.0 0 -1.85 469.67 195.63 486.19 212.54 1.47 1.64 3.71 -0.23 0.77 0.92 -2.03 0.99
Car 0.0 0 3.25 267.15 191.40 394.16 241.64 1.56 1.58 3.85 -0.43 0.84 0.95 2.88 0.97
Car 0.0 0 -1.73 445.89 196.89 454.25 210.78 1.36 1.58 3.56 -0.26 0.72 0.90 -1.95 0.92
