Car 0.0 0 -0.90 12.07 186.16 182.97 312.81 1.45 1.57 3.66 -0.69 0.81 0.88 -1.52 1.00
Car 0.0 0 -1.24 253.33 188.85 437.69 310.92 1.47 1.62 3.81 -0.39 0.82 0.89 -1.59 1.00
Car 0.0 0 -1.76 708.65 191.68 798.28 265.66 1.41 1.55 3.56 0.12 0.76 0.89 -1.56 1.00
Car 0.0 0 -1.38 442.24 187.05 504.35 238.53 1.39 1.63 3.90 -0.23 0.73 0.91 -1.56 1.00
Car 0.0 0 -1.67 662.16 184.68 692.07 218.58 1.49 1.66 4.00 0.04 0.77 1.00 -1.57 1.00
Car 0.0 0 -1.44 491.43 183.54 526.83 219.20 1.45 1.60 3.94 -0.20 0.75 1.01 -1.58 0.99
Car 0.0 0 -1.32 391.10 186.94 435.71 222.37 1.52 1.59 3.77 -0.32 0.79 0.97 -1.58 0.99
Car 0.0 0 -1.51 598.50 184.67 603.46 201.48 1.41 1.64 3.71 -0.07 0.72 0.98 -1.52 0.98
Car 0.0 0 -1.58 637.59 185.27 637.61 200.27 1.43 1.57 3.49 -0.02 0.73 0.97 -1.54 0.97
Car 0.0 0 -1.33 442.59 183.00 472.14 212.30 1.44 1.60 3.91 -0.29 0.74 1.10 -1.54 0.97
Car 0.0 0 -1.22 275.63 191.65 368.62 242.87 1.44 1.62 3.94 -0.46 0.76 1.01 -1.59 0.95
Car 0.0 0 -1.49 541.37 187.18 548.26 205.86 1.44 1.58 3.50 -0.14 0.73 0.94 -1.58 0.92
Car 0.0 0 -1.57 623.04 183.82 627.73 200.92 1.49 1.56 3.82 -0.04 0.76 0.97 -1.54 0.90
