Car 0.0 0 2.12 12.23 210.32 273.19 367.08 1.42 1.58 3.83 -0.61 0.85 0.85 1.54 1.00
Car 0.0 0 -2.01 878.70 190.95 1238.00 371.48 1.48 1.55 3.58 0.47 0.87 0.84 -1.45 1.00
Car 0.0 0 1.74 454.25 192.97 485.06 222.52 1.47 1.61 3.85 -0.25 0.78 0.97 1.55 1.00
Car 0.0 0 -1.06 109.00 205.05 166.34 234.85 1.44 1.57 3.77 -0.75 0.79 1.05 -1.64 1.00
Car 0.0 0 -1.11 156.80 203.31 207.29 230.30 1.45 1.61 3.78 -0.71 0.79 1.10 -1.64 0.99
Car 0.0 0 -1.11 195.24 201.32 257.11 230.89 1.44 1.59 3.85 -0.60 0.78 1.02 -1.60 0.99
Car 0.0 0 -1.67 659.00 177.61 681.19 206.65 1.53 1.62 3.91 0.02 0.79 0.96 -1.58 0.99
Car 0.0 0 1.73 478.57 190.96 502.11 216.11 1.49 1.66 3.98 -0.22 0.79 0.96 1.57 0.99
Car 0.0 0 -1.22 250.03 201.80 297.28 229.60 1.43 1.56 3.49 -0.51 0.78 0.96 -1.65 0.99
Car 0.0 0 1.72 507.40 186.55 520.03 205.85 1.49 1.63 4.10 -0.19 0.78 0.97 1.59 0.98
Car 0.0 0 -1.43 622.27 179.59 636.93 196.72 1.48 1.65 3.66 -0.03 0.76 0.93 -1.40 0.95
