Pedestrian 0.0 0 -1.12 265.76 168.36 292.36 298.39 1.78 0.65 0.70 -0.55 0.98 1.07 -1.55 0.99
Pedestrian 0.0 0 -1.12 324.73 169.19 336.53 280.42 1.79 0.35 0.27 -0.45 0.97 1.02 -1.49 0.99
Car 0.0 0 -1.74 670.90 176.69 733.87 233.03 1.48 1.61 3.87 0.06 0.78 0.96 -1.61 1.00
Car 0.0 0 -2.06 821.29 184.49 1232.66 370.65 1.52 1.61 3.79 0.45 0.89 0.88 -1.53 1.00
Car 0.0 0 -1.51 534.02 177.09 556.93 208.31 1.53 1.63 3.92 -0.15 0.79 1.01 -1.60 1.00
Car 0.0 0 -1.16 27.14 207.06 442.60 370.13 1.41 1.61 4.08 -0.53 0.85 0.91 -1.63 0.99
Car 0.0 0 -1.66 651.54 176.01 678.89 209.25 1.50 1.61 3.81 0.02 0.78 0.98 -1.59 0.99
Car 0.0 0 -1.61 637.83 173.97 645.66 194.98 1.51 1.61 3.80 -0.01 0.77 1.00 -1.57 0.99
Car 0.0 0 -1.26 282.91 186.58 457.57 312.23 1.48 1.60 3.76 -0.38 0.84 0.95 -1.58 0.99
Car 0.0 0 -0.87 10.77 209.31 203.50 369.74 1.48 1.63 3.89 -0.76 0.90 1.01 -1.48 0.97
