Car 0.0 0 1.78 358.23 151.04 519.60 298.67 1.88 1.71 4.05 -0.27 1.01 0.88 1.55 1.00
Car 0.0 0 1.23 845.56 192.64 1128.83 361.23 1.43 1.57 3.92 0.33 0.82 0.73 1.71 1.00
Car 0.0 0 -1.74 740.81 182.34 808.03 241.98 1.50 1.58 3.83 0.14 0.80 0.89 -1.52 1.00
Car 0.0 0 -1.79 757.36 189.90 863.39 267.41 1.43 1.58 3.89 0.19 0.79 0.88 -1.52 1.00
Car 0.0 0 -1.73 715.86 176.36 758.98 218.21 1.54 1.61 3.73 0.11 0.80 0.95 -1.55 1.00
Car 0.0 0 1.72 472.13 176.39 540.74 248.39 1.61 1.59 4.10 -0.20 0.86 0.95 1.57 0.99
Car 0.0 0 -1.68 700.48 179.60 728.79 211.81 1.50 1.56 3.65 0.08 0.78 0.93 -1.53 0.99
Car 0.0 0 -1.69 687.93 175.34 708.53 201.68 1.49 1.57 3.80 0.06 0.77 0.99 -1.56 0.98
Car 0.0 0 -2.56 1135.33 215.83 1230.74 370.54 1.42 1.56 3.71 0.70 0.87 0.95 -1.89 0.98
Car 0.0 0 1.67 558.35 171.09 580.53 204.22 1.62 1.69 4.14 -0.11 0.83 0.96 1.61 0.98
Car 0.0 0 -1.75 671.37 173.33 676.70 187.39 1.42 1.57 3.64 0.03 0.72 0.96 -1.66 0.55
