Pedestrian 0.0 0 2.89 576.54 167.58 570.81 199.97 1.91 0.51 0.88 -0.11 0.97 0.94 2.84 0.99
Pedestrian 0.0 0 0.40 191.62 161.40 197.20 223.44 1.72 0.56 0.63 -0.68 0.89 1.08 -0.12 0.98
Pedestrian 0.0 0 -2.35 19.02 174.17 17.47 218.17 1.74 0.64 0.67 -0.88 0.90 0.99 -3.03 0.96
Pedestrian 0.0 0 -2.45 56.54 171.39 59.01 212.60 1.63 0.51 0.81 -0.82 0.84 0.99 -3.10 0.96
Car 0.0 0 -1.99 610.47 168.46 648.56 192.63 1.58 1.68 3.80 -0.03 0.80 0.94 -1.97 1.00
Car 0.0 0 1.32 528.15 162.89 562.97 197.21 1.59 1.66 4.19 -0.14 0.80 0.91 1.23 1.00
Car 0.0 0 -2.40 818.39 166.93 856.38 185.52 1.48 1.54 3.58 0.23 0.74 0.92 -2.10 0.99
Car 0.0 0 0.56 1011.55 168.41 1049.13 183.20 1.56 1.61 4.12 0.47 0.79 0.91 1.09 0.98
Car 0.0 0 0.57 934.11 173.04 966.52 186.56 1.47 1.69 4.17 0.37 0.75 0.91 1.01 0.98
Car 0.0 0 0.40 1025.99 168.39 1065.75 183.29 1.49 1.65 4.04 0.50 0.75 0.92 0.94 0.96
Car 0.0 0 -2.22 776.85 167.65 813.31 187.12 1.55 1.64 3.60 0.19 0.78 0.97 -1.96 0.96
Car 0.0 0 -2.04 568.40 169.47 595.28 193.47 1.66 1.64 3.54 -0.10 0.84 0.95 -2.08 0.93
Car 0.0 0 -2.40 852.14 170.35 888.65 188.83 1.45 1.53 3.50 0.25 0.73 0.86 -2.05 0.92
Car 0.0 0 -2.34 886.05 169.57 917.23 185.29 1.53 1.62 3.56 0.35 0.77 1.01 -1.96 0.91
