Car 0.0 0 -1.92 755.80 196.45 977.31 333.88 1.44 1.62 4.00 0.24 0.83 0.85 -1.57 1.00
Car 0.0 0 -1.75 678.60 185.60 749.54 246.39 1.50 1.60 3.78 0.07 0.81 0.91 -1.60 1.00
Car 0.0 0 0.39 241.32 183.59 404.58 250.29 1.56 1.59 3.56 -0.43 0.84 0.92 0.01 1.00
Car 0.0 0 0.69 8.71 185.75 213.28 353.44 1.54 1.62 3.99 -0.62 0.88 0.80 0.09 1.00
Car 0.0 0 0.29 358.08 186.10 479.24 231.78 1.45 1.62 4.09 -0.31 0.77 0.94 0.03 1.00
Car 0.0 0 -2.57 5.09 199.35 272.66 314.99 1.41 1.56 3.85 -0.63 0.81 0.87 3.13 0.99
Car 0.0 0 -2.73 178.31 186.14 379.37 263.57 1.56 1.64 3.68 -0.49 0.85 0.93 3.12 0.99
Car 0.0 0 -2.68 89.44 192.14 355.77 282.84 1.43 1.57 3.93 -0.56 0.80 0.93 3.11 0.99
Car 0.0 0 -1.70 663.19 182.51 694.09 217.14 1.54 1.60 3.78 0.03 0.81 0.94 -1.61 0.97
Car 0.0 0 -1.65 646.83 179.54 653.93 196.89 1.53 1.63 3.77 -0.01 0.79 0.96 -1.60 0.97
Car 0.0 0 -2.89 406.23 179.15 470.69 213.45 1.70 1.66 3.65 -0.27 0.88 0.89 -3.12 0.95
