Car 0.0 0 1.88 327.61 192.20 444.39 264.58 1.46 1.61 3.92 -0.35 0.80 0.93 1.58 1.00
Car 0.0 0 -1.88 774.01 184.10 959.76 305.73 1.48 1.63 3.85 0.25 0.83 0.86 -1.53 1.00
Car 0.0 0 -1.80 734.33 182.54 829.51 259.02 1.53 1.60 3.82 0.16 0.83 0.90 -1.57 1.00
Car 0.0 0 1.99 155.65 196.80 377.85 324.94 1.45 1.60 3.87 -0.48 0.83 0.89 1.54 1.00
Car 0.0 0 -2.15 911.26 191.20 1230.86 371.61 1.49 1.58 3.56 0.48 0.87 0.84 -1.58 1.00
Car 0.0 0 1.73 494.54 184.22 525.16 215.41 1.46 1.59 3.78 -0.20 0.77 0.98 1.59 1.00
Car 0.0 0 2.27 8.78 215.51 197.27 370.68 1.46 1.59 3.73 -0.71 0.89 0.92 1.66 1.00
Car 0.0 0 -1.72 717.36 181.41 774.36 235.37 1.53 1.58 3.72 0.11 0.81 0.89 -1.53 1.00
Car 0.0 0 -1.71 697.90 179.78 738.71 220.68 1.50 1.58 3.72 0.08 0.79 0.91 -1.56 1.00
Car 0.0 0 -0.13 610.94 176.80 640.59 190.71 1.50 1.64 4.08 -0.04 0.76 0.93 -0.11 0.99
Car 0.0 0 1.68 519.30 182.88 539.52 209.15 1.49 1.64 4.03 -0.16 0.78 0.94 1.57 0.99
