Car 0.0 0 1.89 194.14 203.78 418.44 357.95 1.44 1.57 3.69 -0.44 0.85 0.89 1.50 1.00
Car 0.0 0 -1.90 757.32 187.86 1023.84 359.04 1.45 1.60 3.79 0.26 0.84 0.81 -1.53 1.00
Car 0.0 0 1.70 476.19 190.84 518.97 233.76 1.47 1.63 4.00 -0.21 0.79 0.94 1.55 1.00
Car 0.0 0 -1.82 698.28 185.82 818.30 272.63 1.47 1.60 3.90 0.12 0.80 0.85 -1.61 1.00
Car 0.0 0 -1.72 672.88 182.53 714.46 225.70 1.53 1.59 3.80 0.05 0.81 0.91 -1.60 1.00
Car 0.0 0 1.78 370.39 198.25 475.07 282.25 1.48 1.61 3.90 -0.30 0.83 0.93 1.53 1.00
Car 0.0 0 -2.29 945.81 207.08 1228.05 371.64 1.44 1.59 3.71 0.51 0.86 0.86 -1.71 1.00
Car 0.0 0 1.70 437.51 192.40 494.73 247.42 1.51 1.62 4.15 -0.24 0.82 0.91 1.50 0.99
Car 0.0 0 -1.80 642.10 182.75 656.80 200.95 1.44 1.62 3.69 -0.01 0.75 0.94 -1.74 0.99
Car 0.0 0 -1.73 687.19 182.86 750.69 241.20 1.56 1.60 3.79 0.08 0.83 0.89 -1.58 0.99
Car 0.0 0 2.90 847.29 161.88 932.85 200.54 1.89 1.78 3.89 0.34 0.96 1.02 -3.01 0.99
Car 0.0 0 -1.77 602.71 185.87 609.55 198.13 1.40 1.61 3.56 -0.06 0.72 0.91 -1.77 0.99
Car 0.0 0 2.45 568.33 182.39 586.49 193.03 1.46 1.48 4.02 -0.10 0.75 0.97 2.41 0.97
Cyclist 0.0 0 2.37 545.54 179.56 546.37 197.11 1.63 0.59 1.44 -0.15 0.83 0.99 2.29 0.94
