Car 0.0 0 -2.57 12.21 190.03 273.58 317.09 1.48 1.60 3.87 -0.63 0.84 0.89 3.14 1.00
Car 0.0 0 -1.75 697.75 175.94 810.41 273.11 1.55 1.60 3.68 0.12 0.84 0.90 -1.55 1.00
Car 0.0 0 -1.74 667.22 186.11 712.26 230.11 1.52 1.59 3.81 0.04 0.81 0.89 -1.63 1.00
Car 0.0 0 -2.71 165.14 187.38 392.77 269.34 1.49 1.61 3.96 -0.48 0.82 0.91 -3.14 1.00
Car 0.0 0 -1.65 649.22 183.14 666.88 208.64 1.48 1.59 3.71 0.00 0.77 0.96 -1.58 0.99
Car 0.0 0 0.49 71.16 190.01 365.41 285.39 1.46 1.61 4.05 -0.54 0.81 0.89 -0.01 0.99
Car 0.0 0 -1.72 679.22 184.74 742.08 239.78 1.49 1.58 3.75 0.07 0.79 0.89 -1.58 0.99
Car 0.0 0 0.28 315.32 172.74 465.60 238.56 1.68 1.63 3.94 -0.35 0.88 0.96 -0.02 0.99
Car 0.0 0 -2.86 300.82 183.62 433.29 241.85 1.58 1.55 3.46 -0.37 0.84 0.93 3.10 0.98
Car 0.0 0 3.35 385.02 180.71 485.24 219.72 1.49 1.65 4.16 -0.29 0.78 0.93 3.12 0.98
Car 0.0 0 -2.88 345.43 175.89 460.51 226.29 1.72 1.62 3.61 -0.33 0.90 0.93 3.13 0.97
