Car 0.0 0 -1.96 767.02 185.33 1070.49 370.10 1.50 1.59 3.72 0.30 0.87 0.84 -1.55 1.00
Car 0.0 0 -1.76 691.69 171.45 769.82 245.34 1.59 1.61 3.72 0.10 0.84 0.93 -1.60 1.00
Car 0.0 0 0.40 206.94 173.62 413.98 252.04 1.57 1.65 4.05 -0.44 0.84 0.92 0.00 0.99
Car 0.0 0 -2.79 312.12 163.94 428.58 222.59 1.90 1.65 3.28 -0.37 0.98 0.95 -3.11 0.99
Car 0.0 0 0.20 421.44 172.74 504.70 213.32 1.65 1.67 3.83 -0.25 0.85 0.94 0.00 0.99
Car 0.0 0 -1.68 664.33 176.02 690.44 207.81 1.51 1.65 3.73 0.02 0.78 0.90 -1.58 0.99
Car 0.0 0 0.20 403.76 177.65 489.62 215.55 1.51 1.61 3.83 -0.27 0.79 0.93 -0.02 0.98
Car 0.0 0 0.04 476.49 165.70 528.72 187.97 1.64 1.72 4.28 -0.20 0.83 0.98 -0.11 0.98
Car 0.0 0 -1.63 635.66 172.26 640.34 187.40 1.39 1.55 3.74 -0.02 0.70 0.98 -1.59 0.91
Cyclist 0.0 0 1.57 587.14 171.55 576.48 188.60 1.69 0.59 1.71 -0.10 0.86 1.06 1.53 0.97
