Car 0.0 0 -2.68 45.82 190.22 319.49 290.78 1.51 1.63 4.03 -0.60 0.84 0.90 3.07 1.00
Car 0.0 0 -2.80 216.05 184.24 405.66 256.90 1.54 1.60 3.96 -0.44 0.83 0.92 3.09 1.00
Car 0.0 0 -1.77 694.61 191.51 755.92 241.02 1.39 1.56 3.80 0.08 0.75 0.90 -1.61 1.00
Car 0.0 0 -1.96 801.20 186.37 1132.32 369.33 1.48 1.58 3.80 0.36 0.87 0.85 -1.50 1.00
Car 0.0 0 0.27 351.95 182.56 476.34 235.07 1.59 1.61 3.93 -0.32 0.84 0.96 0.01 0.99
Car 0.0 0 -2.98 745.99 189.97 833.19 225.64 1.51 1.58 3.88 0.16 0.80 0.90 -2.73 0.99
Car 0.0 0 -2.39 7.82 199.73 109.16 372.24 1.47 1.59 3.90 -0.78 0.88 0.94 -3.04 0.99
Car 0.0 0 0.20 429.14 171.94 518.40 213.68 1.80 1.67 4.23 -0.24 0.93 0.96 0.01 0.99
Car 0.0 0 -1.63 642.00 171.18 659.34 198.83 1.62 1.69 4.02 0.00 0.83 1.06 -1.57 0.98
Car 0.0 0 0.31 308.69 189.06 449.72 244.50 1.45 1.61 3.78 -0.35 0.78 0.91 0.00 0.97
Car 0.0 0 0.43 159.38 185.35 398.58 272.02 1.50 1.63 3.97 -0.48 0.82 0.90 0.00 0.97
Car 0.0 0 3.24 480.03 181.82 531.79 204.22 1.53 1.59 4.02 -0.20 0.79 0.99 3.10 0.96
Car 0.0 0 -2.90 393.09 183.85 484.22 223.97 1.58 1.56 3.47 -0.28 0.83 0.93 -3.13 0.96
Car 0.0 0 3.16 500.30 182.41 544.73 200.55 1.47 1.79 4.30 -0.16 0.76 0.84 3.04 0.94
