Car 0.0 0 -0.62 956.28 201.53 1232.94 313.44 1.40 1.59 3.78 0.54 0.81 0.89 -0.03 1.00
Car 0.0 0 -2.44 12.32 194.65 217.02 368.75 1.48 1.65 4.09 -0.63 0.87 0.83 -3.04 1.00
Car 0.0 0 0.56 82.34 190.34 370.70 292.50 1.49 1.60 3.85 -0.51 0.83 0.85 0.07 1.00
Car 0.0 0 -0.24 743.62 182.85 876.52 235.32 1.52 1.64 4.02 0.20 0.81 0.92 0.03 1.00
Car 0.0 0 -0.53 882.89 189.92 1155.05 292.24 1.52 1.68 4.12 0.44 0.84 0.88 -0.01 1.00
Car 0.0 0 0.28 406.73 185.96 494.21 221.33 1.51 1.60 3.83 -0.29 0.80 1.03 0.07 1.00
Car 0.0 0 0.59 9.06 189.72 276.51 317.47 1.46 1.55 3.53 -0.62 0.83 0.86 0.02 0.99
Car 0.0 0 -2.77 213.09 175.82 416.20 257.78 1.67 1.64 3.90 -0.44 0.89 0.93 3.13 0.99
Car 0.0 0 -1.75 646.65 185.98 667.77 213.46 1.45 1.60 3.68 0.00 0.76 0.92 -1.68 0.98
Car 0.0 0 0.48 164.06 184.04 401.25 273.95 1.53 1.63 3.95 -0.46 0.84 0.89 0.05 0.97
