Car 0.0 0 -1.71 621.74 186.57 677.41 237.79 1.45 1.58 3.72 -0.01 0.78 0.93 -1.66 1.00
Car 0.0 0 1.95 132.10 198.91 345.40 323.60 1.41 1.61 3.92 -0.52 0.82 0.90 1.47 1.00
Car 0.0 0 -2.37 995.45 209.01 1234.35 369.34 1.43 1.58 3.66 0.56 0.86 0.88 -1.76 1.00
Car 0.0 0 -1.96 715.57 187.92 929.47 319.17 1.43 1.61 4.00 0.21 0.82 0.90 -1.68 1.00
Car 0.0 0 -1.45 415.72 193.15 450.93 230.95 1.46 1.59 3.69 -0.28 0.78 0.92 -1.69 0.99
Car 0.0 0 -1.66 592.24 186.76 620.58 220.66 1.51 1.60 3.75 -0.06 0.79 0.96 -1.66 0.99
Car 0.0 0 1.65 463.68 187.05 475.11 206.72 1.47 1.63 4.03 -0.26 0.77 1.04 1.46 0.97
Car 0.0 0 -1.58 578.28 183.99 585.17 201.90 1.48 1.66 3.82 -0.10 0.77 1.03 -1.62 0.95
Car 0.0 0 -1.01 11.01 214.28 219.76 371.91 1.41 1.49 3.41 -0.73 0.87 0.98 -1.61 0.92
Cyclist 0.0 0 2.11 6.53 191.82 214.49 372.39 1.69 0.68 1.95 -0.74 0.99 0.98 1.51 0.96
