Pedestrian 0.0 0 0.66 224.40 175.93 225.57 235.60 1.69 0.63 0.77 -0.61 0.89 1.02 0.17 0.99
Pedestrian 0.0 0 0.11 567.82 163.10 563.52 224.66 1.78 0.66 0.71 -0.12 0.91 1.08 0.05 0.99
Pedestrian 0.0 0 3.37 377.29 165.64 376.08 229.30 1.74 0.59 0.76 -0.41 0.90 1.08 3.06 0.99
Pedestrian 0.0 0 -2.99 267.56 178.40 261.92 232.71 1.78 0.54 0.84 -0.58 0.93 1.08 2.85 0.98
Pedestrian 0.0 0 -2.89 293.19 178.78 287.15 232.93 1.72 0.57 0.76 -0.53 0.90 1.06 2.98 0.97
Pedestrian 0.0 0 0.35 418.09 160.19 416.10 228.37 1.78 0.52 0.71 -0.34 0.91 1.05 0.10 0.93
Car 0.0 0 -1.29 373.99 182.09 484.21 262.59 1.42 1.61 3.80 -0.28 0.77 0.90 -1.54 1.00
Car 0.0 0 -0.75 1124.53 145.11 1213.51 178.54 1.51 1.70 4.22 0.70 0.73 0.95 -0.08 0.99
Car 0.0 0 -0.52 1030.46 150.50 1115.73 191.97 1.54 1.37 3.39 0.58 0.76 0.96 0.07 0.93
Cyclist 0.0 0 -0.26 957.64 146.47 1003.28 200.33 1.71 0.66 1.75 0.50 0.85 1.04 0.23 1.00
Cyclist 0.0 0 -0.61 773.73 157.11 787.77 191.97 1.79 0.61 1.78 0.18 0.89 0.96 -0.37 1.00
Cyclist 0.0 0 -0.29 299.83 173.16 349.86 234.31 1.71 0.62 1.73 -0.46 0.89 1.01 -0.66 1.00
Cyclist 0.0 0 -1.42 859.19 148.68 862.49 198.65 1.71 0.59 1.76 0.30 0.85 0.99 -1.08 0.99
Cyclist 0.0 0 -0.51 1037.35 146.25 1115.48 201.83 1.74 0.73 2.10 0.58 0.86 0.95 0.08 0.94
