Car 0.0 0 -1.88 596.10 193.44 744.39 287.27 1.39 1.57 3.86 0.01 0.78 0.87 -1.80 1.00
Car 0.0 0 -2.86 677.92 169.32 766.96 208.14 1.66 1.56 4.01 0.09 0.85 0.94 -2.70 1.00
Car 0.0 0 1.91 32.48 203.75 212.61 326.42 1.40 1.54 3.61 -0.67 0.82 0.90 1.31 1.00
Car 0.0 0 1.71 316.48 190.21 343.50 216.95 1.48 1.65 3.93 -0.44 0.78 0.97 1.34 0.99
Car 0.0 0 -1.70 500.86 187.05 535.72 223.35 1.42 1.56 3.75 -0.19 0.75 1.00 -1.83 0.99
Car 0.0 0 -2.85 622.76 177.59 701.97 207.59 1.45 1.52 3.93 0.01 0.75 0.96 -2.77 0.99
Car 0.0 0 1.68 400.17 185.41 403.73 198.09 1.38 1.58 3.89 -0.34 0.71 0.96 1.40 0.97
Car 0.0 0 -1.66 490.66 187.13 512.90 215.20 1.44 1.56 3.79 -0.22 0.76 1.04 -1.81 0.97
Car 0.0 0 -1.58 472.55 180.42 475.94 196.70 1.55 1.67 3.80 -0.25 0.80 0.99 -1.77 0.96
Car 0.0 0 -2.05 786.14 133.07 1195.58 365.61 1.71 1.63 4.05 0.42 0.95 0.91 -1.56 0.88
