Pedestrian 0.0 0 -1.96 298.84 167.95 358.89 369.28 1.74 0.69 0.89 -0.44 0.99 1.01 -2.32 0.99
Pedestrian 0.0 0 -1.82 145.77 178.39 199.47 360.13 1.70 0.71 0.95 -0.69 0.98 1.05 -2.35 0.98
Pedestrian 0.0 0 1.45 679.69 161.32 681.43 221.52 1.76 0.75 0.90 0.05 0.90 1.00 1.56 0.98
Pedestrian 0.0 0 -1.98 382.32 166.87 417.87 323.19 1.76 0.75 0.93 -0.34 0.97 1.01 -2.25 0.98
Pedestrian 0.0 0 -2.02 203.83 161.98 316.69 368.38 1.72 0.73 0.92 -0.55 0.98 1.02 -2.46 0.97
Pedestrian 0.0 0 -1.45 117.07 179.13 163.84 342.69 1.72 0.68 0.92 -0.72 0.98 1.02 -2.02 0.94
Pedestrian 0.0 0 -1.65 559.98 172.30 552.52 210.44 1.74 0.70 0.74 -0.12 0.89 1.01 -1.71 0.90
Pedestrian 0.0 0 -1.48 550.97 172.09 545.70 212.25 1.73 0.84 0.98 -0.13 0.88 0.99 -1.55 0.82
Car 0.0 0 1.88 339.20 181.59 446.92 275.52 1.62 1.63 3.58 -0.32 0.87 0.91 1.60 0.93
Cyclist 0.0 0 1.64 494.81 165.15 503.99 234.69 1.75 0.71 1.77 -0.21 0.90 1.05 1.50 0.99
