Car 0.0 0 -1.86 739.40 195.95 945.46 334.22 1.48 1.63 4.02 0.21 0.85 0.84 -1.55 1.00
Car 0.0 0 -1.26 255.87 205.99 460.75 340.15 1.43 1.59 3.78 -0.37 0.84 0.90 -1.59 1.00
Car 0.0 0 -1.77 701.50 196.54 800.32 276.00 1.53 1.64 3.98 0.12 0.85 0.92 -1.57 1.00
Car 0.0 0 -1.46 494.17 196.33 540.45 244.10 1.48 1.64 3.84 -0.18 0.80 0.91 -1.59 1.00
Car 0.0 0 2.13 11.71 221.90 369.48 372.77 1.35 1.56 3.74 -0.59 0.83 0.90 1.61 1.00
Car 0.0 0 1.65 534.11 192.29 558.73 223.51 1.46 1.67 4.12 -0.15 0.78 0.98 1.56 0.99
Car 0.0 0 -1.61 647.52 188.15 659.37 212.12 1.49 1.65 3.81 -0.00 0.78 0.98 -1.55 0.99
Car 0.0 0 -1.71 667.91 184.11 722.22 240.96 1.57 1.59 3.73 0.06 0.84 0.97 -1.60 0.99
Car 0.0 0 -1.71 677.16 190.46 743.87 250.68 1.49 1.59 3.74 0.06 0.80 0.88 -1.57 0.99
Car 0.0 0 1.59 575.38 189.38 572.55 202.87 1.46 1.60 4.01 -0.11 0.76 1.00 1.54 0.93
