Car 0.0 0 -2.40 801.53 180.96 955.33 244.26 1.39 1.57 3.88 0.26 0.74 0.86 -2.04 1.00
Car 0.0 0 -2.87 355.32 186.92 464.85 229.68 1.51 1.63 4.09 -0.31 0.80 0.91 -3.14 1.00
Car 0.0 0 -2.53 11.72 196.71 202.42 333.84 1.49 1.64 4.03 -0.67 0.86 0.87 -3.14 1.00
Car 0.0 0 -2.60 20.19 196.70 297.01 301.73 1.51 1.62 3.99 -0.61 0.85 0.88 3.13 1.00
Car 0.0 0 -1.66 629.41 183.15 645.55 208.68 1.50 1.59 3.74 -0.02 0.78 0.96 -1.62 0.99
Car 0.0 0 -1.73 646.02 184.14 679.33 217.74 1.43 1.56 3.63 0.01 0.75 0.98 -1.65 0.99
Car 0.0 0 -2.82 294.95 190.09 413.89 242.33 1.53 1.58 3.47 -0.38 0.82 0.90 3.13 0.99
Car 0.0 0 -2.75 163.56 189.94 378.71 274.89 1.54 1.61 3.81 -0.48 0.85 0.90 3.09 0.98
Car 0.0 0 -2.79 264.07 189.21 405.88 252.02 1.60 1.58 3.38 -0.41 0.86 0.93 3.13 0.96
Car 0.0 0 0.41 464.57 187.03 515.30 207.41 1.38 1.60 3.95 -0.20 0.72 0.87 0.24 0.90
