Pedestrian 0.0 0 -2.26 308.46 167.29 357.76 338.91 1.75 0.67 0.85 -0.46 0.98 1.07 -2.62 1.00
Pedestrian 0.0 0 -1.80 173.67 171.78 243.23 372.70 1.70 0.73 0.90 -0.62 0.98 1.02 -2.30 0.99
Pedestrian 0.0 0 1.40 682.09 160.82 685.49 222.07 1.77 0.72 0.83 0.05 0.90 0.96 1.51 0.99
Pedestrian 0.0 0 -1.75 259.31 171.95 300.10 341.76 1.79 0.76 0.88 -0.54 1.01 1.06 -2.17 0.98
Pedestrian 0.0 0 -1.68 547.98 172.16 540.41 211.13 1.73 0.75 0.81 -0.14 0.88 1.00 -1.76 0.97
Pedestrian 0.0 0 -1.81 14.54 156.46 194.93 372.65 1.65 0.74 0.96 -0.75 0.94 1.00 -2.42 0.95
Pedestrian 0.0 0 -1.74 9.82 176.47 95.88 368.51 1.68 0.68 0.83 -0.83 0.97 1.00 -2.39 0.93
Pedestrian 0.0 0 -1.60 539.05 170.60 534.01 213.09 1.74 0.82 0.86 -0.15 0.88 1.00 -1.69 0.90
Car 0.0 0 1.80 297.09 180.49 430.78 285.17 1.57 1.64 4.06 -0.37 0.85 0.93 1.48 1.00
Cyclist 0.0 0 1.60 476.17 164.62 490.90 244.02 1.78 0.71 1.86 -0.23 0.93 1.06 1.44 1.00
