Car 0.0 0 1.92 282.86 201.52 393.80 271.43 1.51 1.60 3.79 -0.42 0.84 0.95 1.56 1.00
Car 0.0 0 2.71 887.63 147.73 1068.54 213.87 1.65 1.68 4.10 0.39 0.84 0.87 -3.10 1.00
Car 0.0 0 2.01 107.84 205.99 320.62 324.61 1.40 1.56 3.77 -0.55 0.82 0.89 1.51 1.00
Car 0.0 0 1.90 374.53 196.15 445.50 243.49 1.50 1.63 3.95 -0.33 0.81 0.96 1.63 1.00
Car 0.0 0 1.83 442.69 190.56 490.20 225.49 1.44 1.65 4.03 -0.25 0.77 0.98 1.63 1.00
Car 0.0 0 2.35 10.53 215.36 154.67 371.70 1.49 1.63 3.96 -0.75 0.90 0.94 1.72 1.00
Car 0.0 0 -1.68 671.97 177.50 706.96 215.17 1.52 1.61 3.87 0.05 0.79 0.95 -1.57 1.00
Car 0.0 0 2.77 787.13 159.21 888.08 202.38 1.65 1.65 3.81 0.24 0.83 0.94 3.08 1.00
Car 0.0 0 -1.69 682.91 176.66 729.35 224.00 1.48 1.56 3.67 0.06 0.77 0.91 -1.56 1.00
Car 0.0 0 -0.79 1196.77 133.26 1231.76 171.40 1.54 1.73 4.27 0.72 0.74 0.93 -0.09 0.99
Car 0.0 0 2.72 868.34 150.82 984.10 203.06 1.74 1.71 3.71 0.35 0.88 0.93 3.14 0.99
Car 0.0 0 2.74 831.75 157.07 942.25 202.65 1.69 1.72 3.70 0.29 0.85 0.90 3.10 0.99
Car 0.0 0 -1.65 610.64 179.27 609.57 189.44 1.40 1.60 3.61 -0.06 0.71 0.96 -1.65 0.97
Car 0.0 0 1.74 505.17 184.13 524.75 208.26 1.42 1.59 3.66 -0.18 0.74 0.92 1.61 0.97
Car 0.0 0 1.67 536.90 185.17 538.28 198.84 1.45 1.50 3.72 -0.16 0.75 0.99 1.57 0.67
