Car 0.0 0 -1.81 762.27 189.53 898.91 292.09 1.47 1.58 3.60 0.21 0.82 0.88 -1.51 1.00
Car 0.0 0 0.65 15.20 189.29 317.73 324.96 1.49 1.61 3.89 -0.54 0.84 0.78 0.10 1.00
Car 0.0 0 -2.77 219.29 185.78 409.57 255.99 1.50 1.60 3.96 -0.44 0.81 0.93 3.12 1.00
Car 0.0 0 -1.78 723.54 183.16 810.29 257.44 1.55 1.61 3.87 0.14 0.83 0.90 -1.56 1.00
Car 0.0 0 -1.67 690.59 186.57 720.59 221.36 1.52 1.62 3.69 0.06 0.80 0.91 -1.54 1.00
Car 0.0 0 0.26 369.56 185.19 491.55 232.31 1.52 1.61 3.99 -0.31 0.81 0.99 0.02 1.00
Car 0.0 0 -2.86 344.05 189.12 459.82 235.18 1.49 1.58 3.68 -0.32 0.80 0.92 3.14 0.99
Car 0.0 0 0.22 437.46 182.93 526.40 218.89 1.60 1.66 4.23 -0.23 0.84 0.94 0.05 0.99
Car 0.0 0 3.26 524.23 177.03 566.79 198.92 1.54 1.70 3.96 -0.14 0.79 0.92 -3.11 0.99
Car 0.0 0 -1.61 660.91 172.08 670.95 195.73 1.60 1.59 3.80 0.02 0.82 0.98 -1.53 0.98
