Car 0.0 0 -1.84 779.93 181.52 936.72 292.69 1.50 1.61 3.82 0.23 0.82 0.85 -1.51 1.00
Car 0.0 0 1.95 198.95 196.13 389.37 310.86 1.42 1.60 3.84 -0.45 0.81 0.90 1.54 1.00
Car 0.0 0 1.81 429.85 188.08 493.38 236.49 1.46 1.61 3.85 -0.26 0.78 0.95 1.61 1.00
Car 0.0 0 -1.78 733.05 181.62 822.25 251.29 1.51 1.61 3.99 0.15 0.81 0.90 -1.55 1.00
Car 0.0 0 -2.07 895.12 198.43 1230.08 371.68 1.46 1.60 3.70 0.45 0.86 0.82 -1.50 1.00
Car 0.0 0 1.85 357.21 192.18 456.41 258.17 1.41 1.58 3.87 -0.32 0.77 0.91 1.57 1.00
Car 0.0 0 -1.73 711.93 180.21 766.09 228.45 1.47 1.59 3.75 0.10 0.78 0.91 -1.55 1.00
Car 0.0 0 -1.71 706.44 179.90 746.84 221.12 1.54 1.62 3.72 0.10 0.81 0.96 -1.55 0.96
Car 0.0 0 1.74 522.38 182.57 547.26 208.56 1.46 1.62 3.83 -0.16 0.76 0.98 1.63 0.95
Car 0.0 0 -0.01 575.97 177.49 598.13 190.87 1.56 1.64 3.90 -0.09 0.80 0.97 -0.04 0.80
