Car 0.0 0 -1.73 590.77 182.15 668.57 253.00 1.50 1.62 3.69 -0.03 0.79 0.95 -1.70 1.00
Car 0.0 0 -1.13 44.13 197.52 271.46 318.92 1.42 1.57 3.80 -0.63 0.80 0.90 -1.69 1.00
Car 0.0 0 -1.37 344.55 188.07 393.94 229.07 1.48 1.61 3.93 -0.37 0.77 0.93 -1.69 1.00
Car 0.0 0 -1.31 265.16 191.18 361.17 258.55 1.42 1.60 3.88 -0.44 0.76 0.93 -1.70 1.00
Car 0.0 0 -1.58 489.87 183.02 520.75 226.23 1.59 1.67 3.66 -0.20 0.82 0.96 -1.72 1.00
Car 0.0 0 -1.20 236.72 185.91 310.22 231.89 1.52 1.61 3.86 -0.52 0.80 1.00 -1.63 1.00
Car 0.0 0 -1.44 407.16 186.73 427.53 213.73 1.46 1.57 3.71 -0.31 0.75 0.93 -1.69 0.99
Car 0.0 0 -1.05 43.90 175.87 183.81 250.84 1.56 1.67 4.04 -0.70 0.82 0.93 -1.65 0.99
Car 0.0 0 -1.44 428.19 187.21 438.95 205.71 1.38 1.58 3.57 -0.29 0.71 0.94 -1.68 0.99
Car 0.0 0 -1.64 543.48 184.25 546.23 201.03 1.39 1.60 3.69 -0.14 0.71 0.96 -1.73 0.97
Car 0.0 0 -1.31 296.75 181.22 337.48 214.22 1.50 1.62 3.97 -0.49 0.77 1.05 -1.69 0.96
