Car 0.0 0 1.89 221.36 197.36 439.00 356.85 1.46 1.56 3.62 -0.40 0.86 0.89 1.52 1.00
Car 0.0 0 -1.83 772.75 181.94 944.07 308.07 1.50 1.59 3.63 0.24 0.83 0.85 -1.49 1.00
Car 0.0 0 1.73 475.58 169.16 543.18 240.58 1.69 1.61 4.05 -0.19 0.89 0.95 1.60 1.00
Car 0.0 0 1.37 727.53 185.33 805.36 247.93 1.49 1.61 4.06 0.12 0.80 0.84 1.59 0.99
Car 0.0 0 2.45 12.82 235.28 176.95 374.41 1.43 1.64 3.98 -0.78 0.90 1.00 1.83 0.99
Car 0.0 0 -1.69 701.98 186.17 744.41 229.66 1.46 1.58 3.66 0.08 0.78 0.89 -1.53 0.99
Car 0.0 0 -1.71 673.83 181.08 690.08 204.09 1.53 1.57 3.67 0.04 0.79 0.99 -1.61 0.98
Car 0.0 0 -1.67 685.51 181.72 703.46 210.01 1.55 1.57 3.55 0.05 0.81 0.96 -1.55 0.98
Car 0.0 0 1.63 564.91 180.28 574.36 203.27 1.56 1.58 4.04 -0.12 0.81 1.01 1.57 0.96
Car 0.0 0 -1.67 695.51 182.19 726.60 219.22 1.52 1.61 3.55 0.08 0.80 0.97 -1.53 0.94
