Car 0.0 0 -1.77 699.11 182.04 802.07 266.89 1.55 1.63 3.88 0.12 0.84 0.94 -1.58 1.00
Car 0.0 0 -1.95 805.03 187.30 1096.55 368.11 1.48 1.55 3.57 0.34 0.86 0.84 -1.50 1.00
Car 0.0 0 -2.35 947.60 206.99 1227.19 371.06 1.42 1.59 3.72 0.51 0.85 0.86 -1.77 1.00
Car 0.0 0 1.74 423.01 188.54 485.29 243.55 1.49 1.65 3.86 -0.27 0.80 0.96 1.53 1.00
Car 0.0 0 1.70 499.05 181.83 529.36 217.88 1.53 1.65 3.92 -0.18 0.80 0.93 1.57 1.00
Car 0.0 0 -1.71 683.13 181.63 737.45 234.69 1.51 1.60 3.70 0.07 0.80 0.94 -1.57 1.00
Car 0.0 0 0.62 121.54 190.26 298.84 251.85 1.47 1.59 3.97 -0.55 0.80 0.88 0.11 1.00
Car 0.0 0 1.70 468.88 181.57 510.04 226.53 1.52 1.62 4.06 -0.22 0.80 0.94 1.53 1.00
Car 0.0 0 -1.68 665.63 180.07 697.83 214.50 1.49 1.60 3.97 0.04 0.78 1.02 -1.58 0.99
Car 0.0 0 -1.79 542.71 183.03 548.74 194.07 1.39 1.67 3.65 -0.15 0.72 0.97 -1.88 0.98
Car 0.0 0 2.48 12.72 222.32 128.58 371.96 1.48 1.64 3.95 -0.83 0.92 1.03 1.84 0.94
Car 0.0 0 -1.67 648.30 173.20 667.69 202.78 1.60 1.68 4.01 0.01 0.82 0.99 -1.60 0.68
Car 0.0 0 -1.99 596.44 181.63 599.09 187.87 1.39 1.61 3.56 -0.08 0.71 0.95 -2.00 0.63
