Car 0.0 0 -1.84 687.70 180.44 853.19 294.13 1.49 1.62 3.95 0.14 0.83 0.89 -1.62 1.00
Car 0.0 0 -2.12 867.08 185.30 1234.92 370.08 1.50 1.58 3.73 0.48 0.88 0.88 -1.57 1.00
Car 0.0 0 -1.70 609.84 188.01 659.21 235.90 1.48 1.59 3.61 -0.03 0.79 0.96 -1.67 1.00
Car 0.0 0 -1.47 413.63 193.91 445.87 230.13 1.42 1.57 3.56 -0.29 0.76 0.93 -1.71 1.00
Car 0.0 0 1.89 213.90 195.48 358.29 295.23 1.43 1.56 3.70 -0.48 0.81 0.93 1.47 1.00
Car 0.0 0 -1.00 6.10 213.64 255.62 370.63 1.33 1.53 3.64 -0.67 0.82 0.92 -1.59 0.99
Car 0.0 0 -1.65 582.74 188.73 605.48 218.66 1.51 1.56 3.76 -0.08 0.79 0.95 -1.67 0.99
Car 0.0 0 -1.58 569.38 186.87 577.44 205.79 1.46 1.67 3.75 -0.11 0.76 1.00 -1.63 0.95
Cyclist 0.0 0 1.92 197.77 186.83 326.73 368.28 1.63 0.57 1.68 -0.52 0.96 0.96 1.47 0.99
Cyclist 0.0 0 2.23 7.70 179.44 158.62 375.44 1.80 0.64 2.02 -0.79 1.05 1.00 1.60 0.96
Cyclist 0.0 0 1.55 515.06 183.26 504.05 201.06 1.71 0.64 1.88 -0.20 0.88 1.04 1.41 0.70
