Pedestrian 0.0 0 1.38 515.29 148.95 510.42 214.15 1.82 0.64 0.88 -0.19 0.91 1.00 1.25 1.00
Pedestrian 0.0 0 0.89 651.49 144.44 688.09 300.43 1.86 0.63 0.95 0.03 0.99 0.99 0.99 1.00
Pedestrian 0.0 0 1.33 433.57 147.20 432.35 215.62 1.83 0.64 0.92 -0.30 0.92 1.00 1.09 0.99
Pedestrian 0.0 0 -0.75 291.26 140.63 311.98 255.54 1.79 0.63 1.00 -0.51 0.92 1.05 -1.16 0.99
Pedestrian 0.0 0 1.30 490.17 145.16 487.40 211.14 1.85 0.64 0.96 -0.23 0.93 1.02 1.14 0.99
Pedestrian 0.0 0 1.14 724.21 142.74 751.79 286.54 1.84 0.61 0.95 0.12 0.97 0.97 1.33 0.99
Pedestrian 0.0 0 1.35 556.98 146.41 556.73 217.00 1.77 0.66 0.92 -0.13 0.89 0.97 1.28 0.99
Pedestrian 0.0 0 1.37 463.23 150.60 459.31 213.18 1.80 0.68 0.91 -0.26 0.90 0.96 1.17 0.99
Pedestrian 0.0 0 1.31 585.94 145.56 583.63 212.60 1.76 0.65 0.71 -0.09 0.88 1.05 1.28 0.97
Pedestrian 0.0 0 0.12 682.39 145.99 679.72 202.35 1.87 0.57 0.99 0.06 0.92 1.06 0.23 0.95
Pedestrian 0.0 0 1.37 547.26 147.95 544.31 208.68 1.75 0.60 0.94 -0.14 0.88 0.93 1.29 0.91
