Car 0.0 0 -1.87 766.12 182.26 966.83 316.09 1.47 1.62 3.84 0.24 0.83 0.85 -1.53 1.00
Car 0.0 0 2.09 56.10 200.30 325.43 337.69 1.46 1.60 3.99 -0.56 0.84 0.85 1.57 1.00
Car 0.0 0 1.89 293.52 194.88 407.50 269.48 1.53 1.64 4.07 -0.40 0.84 0.95 1.55 1.00
Car 0.0 0 -2.19 889.19 184.33 1228.64 371.26 1.52 1.60 3.74 0.47 0.88 0.84 -1.63 1.00
Car 0.0 0 -1.75 683.43 184.03 728.23 224.12 1.48 1.61 3.84 0.06 0.78 0.91 -1.61 1.00
Car 0.0 0 1.39 705.38 182.52 778.17 241.59 1.48 1.63 4.19 0.09 0.79 0.83 1.57 1.00
Car 0.0 0 1.70 499.59 183.51 520.60 207.88 1.47 1.64 3.88 -0.20 0.77 0.98 1.56 1.00
Car 0.0 0 -1.71 665.86 181.68 689.73 210.05 1.52 1.58 3.80 0.03 0.79 0.94 -1.61 1.00
Car 0.0 0 1.81 426.43 189.80 480.68 233.72 1.50 1.58 3.80 -0.26 0.80 0.92 1.60 0.99
Car 0.0 0 -2.34 550.11 177.29 573.26 191.03 1.50 1.69 3.69 -0.12 0.77 0.90 -2.41 0.99
