Car 0.0 0 -2.57 14.31 178.12 287.47 303.90 1.63 1.66 3.93 -0.61 0.90 0.86 -3.14 1.00
Car 0.0 0 0.42 171.67 188.45 401.20 277.18 1.55 1.65 3.98 -0.45 0.85 0.88 -0.00 1.00
Car 0.0 0 -2.04 819.28 184.48 1242.38 369.66 1.49 1.61 3.91 0.43 0.87 0.83 -1.51 1.00
Car 0.0 0 -2.21 726.92 177.55 791.26 209.18 1.50 1.64 3.78 0.15 0.78 0.99 -2.01 0.99
Car 0.0 0 -1.75 637.52 181.84 653.73 201.83 1.39 1.59 3.71 -0.01 0.72 0.97 -1.70 0.99
Car 0.0 0 -2.24 12.42 171.76 193.61 351.18 1.55 1.62 3.99 -0.70 0.89 0.91 -2.85 0.98
Car 0.0 0 -2.83 338.26 181.63 443.30 227.72 1.63 1.59 3.52 -0.35 0.86 0.95 -3.13 0.98
Car 0.0 0 -2.93 396.38 177.91 488.09 214.46 1.51 1.60 3.66 -0.27 0.78 0.91 3.12 0.95
Car 0.0 0 -2.91 371.91 177.94 473.58 216.79 1.51 1.62 3.98 -0.31 0.79 0.98 3.12 0.80
Car 0.0 0 -2.79 218.97 185.07 386.99 256.14 1.51 1.51 3.08 -0.45 0.82 0.92 3.09 0.69
