Car 0.0 0 -1.78 642.65 184.07 753.48 273.69 1.46 1.58 3.69 0.06 0.79 0.92 -1.65 1.00
Car 0.0 0 -1.26 251.61 192.19 375.03 273.98 1.43 1.60 3.84 -0.43 0.78 0.91 -1.65 1.00
Car 0.0 0 -0.97 10.28 206.54 201.60 373.29 1.41 1.61 3.80 -0.68 0.83 0.88 -1.58 1.00
Car 0.0 0 -1.39 367.54 193.79 427.34 239.69 1.37 1.59 3.91 -0.33 0.73 0.93 -1.67 1.00
Car 0.0 0 -1.60 532.19 185.18 557.48 223.90 1.57 1.66 3.58 -0.14 0.81 0.91 -1.69 1.00
Car 0.0 0 -1.30 312.27 187.91 353.84 221.55 1.51 1.60 3.84 -0.44 0.78 0.99 -1.66 0.99
Car 0.0 0 -1.46 453.37 185.33 468.93 208.88 1.51 1.62 3.77 -0.27 0.77 1.01 -1.66 0.99
Car 0.0 0 -1.45 411.10 188.30 439.74 221.18 1.47 1.59 3.95 -0.30 0.76 0.96 -1.70 0.99
Car 0.0 0 -1.11 137.51 181.56 259.31 244.39 1.53 1.64 4.02 -0.61 0.80 0.97 -1.63 0.99
Car 0.0 0 -1.61 575.93 184.85 578.57 201.19 1.46 1.64 3.66 -0.10 0.74 0.97 -1.65 0.98
Car 0.0 0 -1.12 357.13 182.20 390.70 203.79 1.52 1.64 3.91 -0.40 0.77 1.03 -1.44 0.75
