Car 0.0 0 1.90 259.56 197.59 417.94 300.48 1.46 1.62 3.95 -0.40 0.83 0.91 1.54 1.00
Car 0.0 0 1.77 379.10 183.23 466.60 258.18 1.54 1.58 3.80 -0.29 0.83 0.90 1.52 1.00
Car 0.0 0 -1.83 732.36 173.96 896.22 291.04 1.55 1.66 4.12 0.17 0.84 0.81 -1.55 1.00
Car 0.0 0 1.73 450.91 186.06 504.07 238.16 1.48 1.64 4.04 -0.23 0.79 0.92 1.55 1.00
Car 0.0 0 -1.73 687.47 177.20 749.79 232.14 1.50 1.61 3.84 0.08 0.79 0.90 -1.58 1.00
Car 0.0 0 -2.02 821.24 182.85 1232.67 371.07 1.50 1.60 3.81 0.42 0.87 0.83 -1.50 1.00
Car 0.0 0 -1.74 533.94 184.98 541.79 198.82 1.38 1.65 3.63 -0.15 0.71 0.89 -1.84 0.98
Car 0.0 0 -1.69 682.28 178.38 723.45 221.73 1.52 1.56 3.76 0.07 0.80 0.99 -1.57 0.98
Car 0.0 0 -1.71 634.36 180.47 642.05 196.16 1.46 1.64 3.69 -0.02 0.75 0.93 -1.67 0.98
Car 0.0 0 -1.69 658.43 177.45 674.53 205.83 1.56 1.63 3.90 0.02 0.81 0.97 -1.61 0.86
