Car 0.0 0 1.69 514.22 178.18 544.80 214.21 1.53 1.62 4.00 -0.17 0.80 1.00 1.58 1.00
Car 0.0 0 -1.74 699.34 184.82 751.95 233.07 1.52 1.60 3.75 0.09 0.81 0.94 -1.58 1.00
Car 0.0 0 -1.79 733.50 193.13 824.32 264.09 1.48 1.58 3.83 0.15 0.81 0.89 -1.56 1.00
Car 0.0 0 -1.86 766.74 198.41 950.84 316.31 1.41 1.60 3.87 0.24 0.81 0.87 -1.53 1.00
Car 0.0 0 1.93 97.83 133.08 435.35 365.77 2.04 1.76 4.57 -0.46 1.11 0.84 1.49 1.00
Car 0.0 0 1.79 373.95 183.98 487.43 281.96 1.63 1.60 4.01 -0.30 0.90 0.96 1.54 1.00
Car 0.0 0 0.90 920.02 214.19 1229.75 371.24 1.42 1.57 3.84 0.44 0.84 0.77 1.47 1.00
Car 0.0 0 -1.70 675.95 184.81 713.90 222.65 1.50 1.59 3.74 0.05 0.79 0.94 -1.59 0.99
Car 0.0 0 -1.67 666.86 186.26 689.80 213.57 1.46 1.54 3.80 0.03 0.77 0.98 -1.57 0.95
Car 0.0 0 -1.65 615.27 180.41 612.99 188.90 1.40 1.61 3.56 -0.05 0.72 1.01 -1.64 0.53
