Car 0.0 0 -0.14 706.21 182.23 776.95 210.50 1.47 1.64 4.08 0.11 0.77 0.93 0.04 1.00
Car 0.0 0 -2.78 230.47 175.91 432.24 241.19 1.40 1.61 4.26 -0.43 0.75 0.95 3.14 1.00
Car 0.0 0 0.25 390.24 178.88 501.53 222.97 1.48 1.61 4.14 -0.28 0.78 0.99 0.03 1.00
Car 0.0 0 0.59 9.17 169.90 268.73 352.18 1.65 1.64 4.18 -0.61 0.93 0.84 0.01 1.00
Car 0.0 0 -0.45 933.71 192.56 1207.69 289.77 1.52 1.61 3.82 0.52 0.84 0.91 0.12 1.00
Car 0.0 0 -2.86 321.67 179.71 467.18 230.55 1.45 1.62 4.20 -0.35 0.77 0.97 3.14 1.00
Car 0.0 0 -2.07 804.84 200.21 1233.44 370.43 1.44 1.61 3.87 0.42 0.86 0.85 -1.55 0.99
Car 0.0 0 -0.24 770.75 186.38 889.67 231.59 1.47 1.64 4.07 0.22 0.78 0.92 0.06 0.99
Car 0.0 0 0.17 477.32 175.87 535.34 200.65 1.57 1.65 4.04 -0.20 0.80 0.95 0.03 0.99
Car 0.0 0 2.76 800.05 184.99 1046.90 272.62 1.53 1.68 4.14 0.34 0.83 0.91 -3.11 0.98
Car 0.0 0 -0.33 755.92 182.55 858.72 226.83 1.59 1.63 4.00 0.20 0.84 0.95 -0.06 0.94
Car 0.0 0 0.47 24.78 128.41 341.04 288.93 1.90 1.75 4.52 -0.60 1.00 0.91 -0.06 0.92
Car 0.0 0 -1.67 649.32 182.44 657.97 201.17 1.36 1.47 3.64 -0.00 0.71 0.97 -1.61 0.89
