Pedestrian 0.0 0 -1.34 210.98 160.35 261.87 344.76 1.80 0.71 0.90 -0.58 1.00 1.03 -1.81 1.00
Pedestrian 0.0 0 -1.79 707.77 158.56 758.86 339.20 1.79 0.87 0.98 0.14 0.99 1.05 -1.61 1.00
Pedestrian 0.0 0 -1.76 652.44 167.77 699.97 344.24 1.77 0.88 0.96 0.05 0.99 1.00 -1.65 0.99
Pedestrian 0.0 0 -1.17 811.97 163.97 827.96 251.05 1.69 0.73 0.93 0.25 0.88 1.02 -0.87 0.99
Pedestrian 0.0 0 2.02 783.40 164.96 784.85 218.04 1.75 0.72 0.72 0.20 0.89 1.02 2.27 0.96
Pedestrian 0.0 0 -1.73 769.40 161.97 776.48 237.20 1.68 0.85 0.97 0.19 0.87 1.03 -1.50 0.94
Car 0.0 0 1.67 509.77 173.45 538.63 209.36 1.53 1.68 4.18 -0.16 0.78 0.95 1.57 1.00
Car 0.0 0 1.59 578.94 176.10 581.64 191.44 1.47 1.65 4.08 -0.09 0.74 0.96 1.56 0.98
Cyclist 0.0 0 1.87 334.54 162.62 426.31 327.40 1.73 0.62 1.81 -0.37 0.95 1.01 1.58 1.00
Cyclist 0.0 0 2.18 12.40 175.62 270.81 370.48 1.65 0.68 1.74 -0.64 0.94 0.90 1.61 0.96
