Car 0.0 0 -1.92 782.94 194.51 1053.71 368.15 1.48 1.59 3.64 0.29 0.86 0.81 -1.52 1.00
Car 0.0 0 1.73 420.76 187.50 488.04 245.23 1.43 1.61 3.85 -0.26 0.77 0.92 1.52 1.00
Car 0.0 0 -1.74 662.44 183.87 725.41 241.56 1.50 1.57 3.67 0.05 0.80 0.93 -1.62 1.00
Car 0.0 0 -1.76 700.82 188.54 798.77 268.40 1.43 1.56 3.82 0.11 0.79 0.89 -1.57 1.00
Car 0.0 0 2.24 10.67 207.65 275.29 371.34 1.50 1.61 3.77 -0.65 0.90 0.91 1.67 1.00
Car 0.0 0 -2.35 952.29 215.56 1229.75 371.24 1.42 1.54 3.59 0.55 0.86 0.92 -1.76 1.00
Car 0.0 0 -1.72 641.90 184.43 684.06 224.94 1.49 1.61 3.87 0.01 0.79 0.96 -1.64 0.99
Car 0.0 0 1.69 469.35 188.77 502.80 227.49 1.43 1.60 3.90 -0.22 0.76 0.92 1.52 0.99
Car 0.0 0 1.63 501.56 186.96 517.42 212.55 1.50 1.64 4.05 -0.19 0.79 0.93 1.50 0.99
Car 0.0 0 2.97 767.36 172.70 819.35 197.66 1.71 1.74 4.16 0.20 0.87 1.03 -3.06 0.97
Car 0.0 0 -1.91 577.90 182.99 585.40 194.12 1.43 1.63 3.67 -0.10 0.73 0.95 -1.95 0.96
Car 0.0 0 -1.79 612.75 181.99 621.89 196.79 1.46 1.63 3.93 -0.05 0.75 1.04 -1.78 0.45
