Pedestrian 0.0 0 1.86 410.10 176.42 422.16 254.87 1.75 0.74 0.86 -0.31 0.92 0.98 1.61 1.00
Pedestrian 0.0 0 2.60 453.55 171.62 465.84 254.70 1.73 0.70 0.87 -0.26 0.91 1.01 2.40 0.99
Pedestrian 0.0 0 -1.62 735.62 178.62 751.85 278.08 1.66 0.80 0.92 0.15 0.90 1.03 -1.42 0.99
Pedestrian 0.0 0 -1.65 711.28 174.39 729.34 281.43 1.72 0.79 0.93 0.10 0.92 0.95 -1.48 0.99
Pedestrian 0.0 0 -2.14 24.42 167.03 65.53 314.19 1.82 0.68 0.79 -0.88 1.00 1.06 -2.80 0.99
Pedestrian 0.0 0 -1.92 785.96 169.06 789.64 230.75 1.81 0.68 0.92 0.19 0.93 0.95 -1.67 0.99
Pedestrian 0.0 0 -1.72 660.57 171.11 666.42 236.86 1.71 0.84 0.89 0.03 0.89 1.04 -1.63 0.98
Pedestrian 0.0 0 1.39 826.58 169.83 838.45 246.50 1.71 0.66 0.90 0.25 0.89 0.95 1.71 0.97
Pedestrian 0.0 0 -1.60 695.26 176.89 706.46 264.46 1.69 0.75 0.86 0.08 0.90 1.02 -1.46 0.94
Pedestrian 0.0 0 1.39 801.41 173.72 807.67 242.07 1.72 0.68 0.88 0.22 0.90 0.98 1.66 0.94
Pedestrian 0.0 0 -1.76 772.29 168.55 780.73 246.23 1.73 0.91 1.00 0.18 0.90 0.98 -1.52 0.88
Car 0.0 0 1.64 570.78 180.34 590.44 210.37 1.48 1.65 4.03 -0.09 0.76 0.97 1.61 0.99
