Car 0.0 0 1.86 332.21 190.30 447.82 267.56 1.45 1.60 3.82 -0.34 0.80 0.92 1.57 1.00
Car 0.0 0 -1.87 802.22 185.54 1002.18 313.22 1.43 1.63 4.04 0.29 0.81 0.86 -1.49 1.00
Car 0.0 0 -2.16 934.17 184.73 1231.67 370.94 1.52 1.59 3.61 0.49 0.88 0.83 -1.58 1.00
Car 0.0 0 1.81 419.80 188.78 488.95 242.83 1.52 1.66 4.03 -0.27 0.82 0.96 1.60 1.00
Car 0.0 0 -1.73 719.98 182.25 778.90 234.66 1.52 1.62 3.94 0.12 0.81 0.91 -1.54 1.00
Car 0.0 0 -1.77 750.40 183.65 845.52 259.02 1.49 1.61 3.97 0.17 0.81 0.88 -1.51 1.00
Car 0.0 0 1.73 539.54 180.23 560.69 203.99 1.49 1.63 3.94 -0.14 0.77 1.01 1.65 1.00
Car 0.0 0 1.74 473.14 187.94 513.91 227.49 1.50 1.64 4.04 -0.21 0.79 0.92 1.58 0.99
Car 0.0 0 -1.66 710.19 184.66 743.18 223.27 1.50 1.56 3.69 0.09 0.79 0.92 -1.50 0.98
Car 0.0 0 -1.69 700.74 180.13 727.48 213.16 1.50 1.59 3.66 0.08 0.78 0.99 -1.54 0.96
