Car 0.0 0 1.98 187.15 205.37 345.99 300.68 1.44 1.55 3.68 -0.50 0.82 0.92 1.53 1.00
Car 0.0 0 2.20 11.38 213.16 234.00 372.99 1.45 1.62 3.92 -0.65 0.87 0.87 1.61 1.00
Car 0.0 0 1.90 328.27 197.13 420.79 258.83 1.52 1.64 3.95 -0.37 0.83 0.94 1.58 1.00
Car 0.0 0 1.84 418.70 191.70 474.41 232.29 1.48 1.65 3.99 -0.27 0.79 0.95 1.61 1.00
Car 0.0 0 2.68 867.42 150.46 1009.06 210.28 1.68 1.70 3.72 0.36 0.85 0.92 3.11 1.00
Car 0.0 0 2.57 953.85 147.31 1179.72 221.83 1.53 1.72 4.27 0.46 0.78 0.82 3.14 1.00
Car 0.0 0 -1.74 690.94 179.17 754.96 236.67 1.52 1.60 3.74 0.08 0.80 0.92 -1.58 1.00
Car 0.0 0 -1.70 677.76 178.59 719.18 221.61 1.56 1.60 3.78 0.06 0.82 0.97 -1.58 1.00
Car 0.0 0 2.80 817.56 159.74 932.63 208.31 1.63 1.63 3.78 0.28 0.83 0.91 -3.13 1.00
Car 0.0 0 1.72 529.33 182.92 538.25 200.35 1.44 1.54 3.82 -0.16 0.75 0.95 1.62 0.99
Car 0.0 0 2.65 926.74 145.44 1063.09 215.68 1.66 1.63 3.33 0.42 0.84 0.90 -3.14 0.98
Car 0.0 0 1.78 494.38 186.94 519.12 212.39 1.44 1.59 3.83 -0.19 0.76 0.94 1.64 0.98
Car 0.0 0 -1.67 607.43 177.94 611.66 190.55 1.43 1.67 3.71 -0.06 0.73 0.95 -1.67 0.96
