Pedestrian 0.0 0 3.19 406.78 173.16 394.71 206.35 1.78 0.61 0.91 -0.35 0.90 0.99 2.91 0.99
Pedestrian 0.0 0 0.20 437.57 162.45 429.03 210.28 1.82 0.66 0.69 -0.31 0.92 1.05 -0.04 0.99
Pedestrian 0.0 0 0.38 535.19 160.66 524.17 210.36 1.91 0.77 0.92 -0.17 0.96 1.06 0.27 0.96
Car 0.0 0 -1.40 464.23 179.61 513.08 223.63 1.41 1.61 3.74 -0.21 0.73 0.92 -1.56 1.00
Car 0.0 0 -0.71 1018.76 151.49 1094.34 179.39 1.51 1.66 4.32 0.54 0.73 0.94 -0.14 0.99
Car 0.0 0 -0.49 941.55 169.01 989.68 185.47 1.48 1.60 4.12 0.43 0.74 0.95 -0.01 0.98
Cyclist 0.0 0 -0.20 767.16 160.45 786.51 194.41 1.76 0.64 1.75 0.20 0.88 1.05 0.04 1.00
Cyclist 0.0 0 -0.32 828.44 152.79 860.86 196.95 1.73 0.62 1.73 0.28 0.86 1.00 0.01 1.00
Cyclist 0.0 0 -0.20 651.54 164.74 661.75 191.07 1.76 0.62 1.72 0.01 0.88 0.97 -0.13 1.00
Cyclist 0.0 0 -0.68 322.00 174.07 351.17 221.31 1.69 0.65 1.63 -0.46 0.87 1.05 -1.04 0.99
