Car 0.0 0 -1.75 678.32 185.84 765.16 262.37 1.51 1.60 3.53 0.08 0.82 0.90 -1.59 1.00
Car 0.0 0 -1.43 424.09 192.33 474.74 240.78 1.47 1.61 3.86 -0.27 0.79 0.95 -1.65 1.00
Car 0.0 0 2.18 11.15 213.79 273.96 372.91 1.44 1.60 3.88 -0.64 0.87 0.89 1.60 1.00
Car 0.0 0 -1.68 644.86 184.35 677.91 223.21 1.54 1.63 3.75 0.01 0.81 0.91 -1.61 0.99
Car 0.0 0 -1.48 471.36 186.20 499.69 221.70 1.47 1.57 3.62 -0.21 0.77 0.89 -1.65 0.99
Car 0.0 0 -2.17 876.67 153.48 1241.09 377.65 1.68 1.65 3.96 0.50 0.96 0.89 -1.61 0.99
Car 0.0 0 1.69 502.92 185.56 515.86 206.28 1.42 1.59 3.95 -0.20 0.74 1.00 1.55 0.97
Car 0.0 0 -1.62 626.64 181.17 639.94 205.33 1.53 1.70 3.84 -0.03 0.79 1.04 -1.58 0.95
Car 0.0 0 1.66 524.31 185.53 527.20 200.08 1.51 1.56 3.87 -0.18 0.78 1.03 1.55 0.53
Cyclist 0.0 0 1.69 570.58 180.33 560.68 196.01 1.72 0.65 1.77 -0.13 0.89 1.10 1.63 0.96
