Car 0.0 0 -2.01 784.03 197.82 1173.89 371.71 1.41 1.60 3.96 0.36 0.83 0.83 -1.53 1.00
Car 0.0 0 -1.75 697.14 172.02 786.62 253.59 1.57 1.61 3.77 0.11 0.83 0.90 -1.57 1.00
Car 0.0 0 -1.65 665.20 180.07 690.13 211.79 1.54 1.58 3.72 0.03 0.80 0.93 -1.56 1.00
Car 0.0 0 0.37 185.46 178.82 403.97 262.37 1.58 1.67 4.07 -0.46 0.85 0.93 -0.04 1.00
Car 0.0 0 0.12 472.84 167.76 530.74 192.35 1.62 1.73 4.29 -0.20 0.82 0.91 -0.03 0.99
Car 0.0 0 -2.81 296.94 166.61 420.70 227.76 1.88 1.66 3.42 -0.39 0.97 0.95 3.14 0.99
Car 0.0 0 0.21 415.33 177.74 501.46 215.29 1.52 1.65 3.84 -0.25 0.79 0.92 -0.00 0.99
Car 0.0 0 -1.65 637.42 174.55 638.38 186.26 1.38 1.62 3.60 -0.02 0.70 0.99 -1.61 0.98
Car 0.0 0 0.25 390.35 177.48 486.67 216.72 1.48 1.62 3.93 -0.28 0.77 0.93 0.02 0.98
Cyclist 0.0 0 1.56 587.22 171.43 576.20 188.74 1.72 0.59 1.77 -0.10 0.87 1.08 1.53 0.96
