Car 0.0 0 -2.54 9.13 161.99 213.91 328.39 1.72 1.63 3.48 -0.65 0.95 0.85 3.14 1.00
Car 0.0 0 -1.72 693.96 185.09 757.38 241.52 1.51 1.63 3.87 0.09 0.81 0.96 -1.56 1.00
Car 0.0 0 -2.93 388.88 179.79 486.84 220.20 1.57 1.66 3.98 -0.28 0.82 0.93 3.12 1.00
Car 0.0 0 0.35 201.47 186.65 395.61 263.66 1.55 1.60 3.75 -0.46 0.84 0.92 -0.06 1.00
Car 0.0 0 -2.66 37.55 189.48 296.49 291.63 1.46 1.61 4.00 -0.62 0.82 0.91 3.07 1.00
Car 0.0 0 -2.08 849.43 169.77 1236.06 369.91 1.57 1.62 3.82 0.45 0.90 0.85 -1.54 1.00
Car 0.0 0 -0.18 751.20 177.91 869.96 222.43 1.55 1.69 4.27 0.21 0.81 0.95 0.09 1.00
Car 0.0 0 -0.16 698.08 174.00 761.24 203.25 1.62 1.67 4.15 0.10 0.83 0.96 0.00 0.99
Car 0.0 0 -1.67 645.33 179.16 654.17 197.08 1.40 1.60 3.66 -0.01 0.72 0.96 -1.61 0.99
Car 0.0 0 0.32 285.89 181.96 448.10 251.90 1.54 1.58 3.63 -0.37 0.83 0.93 -0.01 0.99
Car 0.0 0 0.85 12.39 200.55 176.54 370.74 1.56 1.64 4.10 -0.67 0.91 0.85 0.23 0.99
Car 0.0 0 0.16 440.40 167.88 515.68 203.24 1.82 1.79 4.38 -0.24 0.93 0.98 -0.02 0.98
Car 0.0 0 0.34 312.09 179.02 461.28 239.81 1.58 1.59 3.75 -0.35 0.84 0.94 0.04 0.98
Cyclist 0.0 0 1.57 583.04 178.68 572.45 197.59 1.73 0.57 1.67 -0.10 0.89 1.01 1.52 0.99
