Pedestrian 0.0 0 0.33 412.44 155.10 429.33 265.25 1.77 0.59 0.93 -0.34 0.93 1.07 0.08 1.00
Pedestrian 0.0 0 -2.51 80.37 184.06 90.66 260.68 1.72 0.58 0.91 -0.82 0.92 1.02 -3.14 0.99
Pedestrian 0.0 0 -2.46 188.42 165.42 198.48 262.56 1.86 0.62 0.78 -0.66 0.98 1.03 -2.99 0.99
Pedestrian 0.0 0 -2.74 17.95 178.44 32.50 274.45 1.78 0.69 0.97 -0.97 0.97 1.11 2.86 0.99
Pedestrian 0.0 0 0.62 129.80 183.20 136.56 252.91 1.69 0.55 0.92 -0.74 0.90 1.02 0.04 0.98
Pedestrian 0.0 0 0.62 147.76 179.90 151.92 250.05 1.72 0.61 0.92 -0.72 0.91 1.02 0.05 0.98
Pedestrian 0.0 0 0.77 645.44 155.77 653.74 240.79 1.80 0.74 0.95 0.01 0.93 1.02 0.83 0.98
Car 0.0 0 -1.23 148.88 187.70 413.13 362.25 1.46 1.60 3.82 -0.47 0.85 0.88 -1.66 1.00
Car 0.0 0 1.60 473.85 172.72 479.23 191.20 1.50 1.67 4.02 -0.24 0.75 0.98 1.42 1.00
Car 0.0 0 -0.62 1123.38 159.42 1207.91 189.38 1.50 1.72 4.21 0.71 0.75 0.97 0.05 1.00
Cyclist 0.0 0 -0.12 329.87 173.06 386.31 255.10 1.78 0.61 1.72 -0.43 0.94 1.05 -0.46 1.00
Cyclist 0.0 0 -0.67 971.95 152.18 991.80 188.87 1.79 0.56 1.81 0.48 0.88 1.01 -0.18 1.00
Cyclist 0.0 0 -1.18 934.08 152.26 938.70 204.09 1.70 0.58 1.67 0.42 0.85 1.01 -0.75 0.99
