Pedestrian 0.0 0 -1.08 911.80 172.49 928.93 267.31 1.65 0.71 0.85 0.41 0.88 1.05 -0.66 0.99
Pedestrian 0.0 0 1.67 487.89 179.38 504.55 275.84 1.67 0.71 0.94 -0.20 0.90 0.97 1.53 0.99
Pedestrian 0.0 0 0.39 342.96 179.66 369.75 308.48 1.68 0.64 0.80 -0.41 0.93 1.02 0.06 0.99
Pedestrian 0.0 0 2.12 392.10 181.23 432.66 332.25 1.67 0.70 0.90 -0.31 0.94 0.96 1.86 0.98
Pedestrian 0.0 0 -1.89 790.41 164.02 803.75 244.88 1.71 0.75 0.82 0.23 0.89 1.07 -1.62 0.98
Pedestrian 0.0 0 1.60 574.28 173.19 569.83 218.00 1.79 0.77 0.86 -0.10 0.92 0.99 1.56 0.98
Pedestrian 0.0 0 -1.47 598.76 175.10 602.79 240.13 1.75 0.82 0.99 -0.06 0.91 0.97 -1.46 0.97
Pedestrian 0.0 0 1.57 704.17 172.65 703.61 226.24 1.76 0.70 0.68 0.09 0.91 1.07 1.71 0.95
Pedestrian 0.0 0 2.18 560.54 177.92 559.82 229.43 1.66 0.74 0.85 -0.12 0.86 0.98 2.13 0.91
Pedestrian 0.0 0 -1.56 637.73 169.34 634.23 223.09 1.74 0.81 0.91 -0.01 0.89 1.06 -1.51 0.32
