Car 0.0 0 -1.84 743.17 190.44 909.68 307.90 1.47 1.60 3.80 0.19 0.82 0.83 -1.55 1.00
Car 0.0 0 1.75 447.01 183.25 500.57 233.01 1.52 1.63 3.92 -0.24 0.81 0.97 1.56 1.00
Car 0.0 0 -1.77 683.61 183.81 760.95 249.06 1.48 1.56 3.67 0.09 0.79 0.93 -1.61 1.00
Car 0.0 0 1.98 24.34 196.69 373.69 373.29 1.48 1.57 3.81 -0.56 0.88 0.88 1.46 1.00
Car 0.0 0 -2.09 824.71 205.93 1237.58 371.63 1.41 1.57 3.70 0.43 0.84 0.83 -1.56 1.00
Car 0.0 0 -1.75 655.26 180.44 710.21 229.92 1.50 1.58 3.67 0.04 0.79 0.95 -1.64 1.00
Car 0.0 0 -1.69 639.11 181.89 677.47 220.31 1.47 1.59 3.89 0.01 0.77 0.99 -1.63 0.99
Car 0.0 0 2.40 10.10 170.40 131.67 352.72 1.65 1.63 3.89 -0.75 0.94 0.93 1.76 0.99
Car 0.0 0 1.66 507.82 183.38 520.29 207.88 1.47 1.58 3.70 -0.18 0.77 0.94 1.53 0.98
Car 0.0 0 3.00 758.51 172.91 806.18 196.28 1.59 1.70 4.06 0.17 0.81 0.97 -3.04 0.98
Car 0.0 0 -1.80 611.81 182.03 616.61 194.09 1.43 1.57 3.59 -0.05 0.74 0.91 -1.79 0.89
