Car 0.0 0 -1.78 701.92 180.75 805.49 261.27 1.43 1.57 3.77 0.12 0.78 0.90 -1.58 1.00
Car 0.0 0 0.54 33.29 176.56 324.25 273.03 1.54 1.65 4.10 -0.59 0.83 0.88 0.00 1.00
Car 0.0 0 0.39 237.72 165.87 447.61 243.30 1.58 1.67 4.13 -0.40 0.83 0.92 0.04 1.00
Car 0.0 0 -0.24 772.95 181.06 912.28 235.69 1.55 1.64 3.94 0.24 0.82 0.92 0.07 1.00
Car 0.0 0 -2.74 164.81 176.95 328.18 248.04 1.59 1.52 3.17 -0.52 0.85 0.92 3.08 1.00
Car 0.0 0 0.71 9.53 169.86 236.58 345.27 1.65 1.67 4.10 -0.61 0.92 0.81 0.11 1.00
Car 0.0 0 -1.66 639.03 172.27 644.81 187.84 1.38 1.58 3.68 -0.02 0.70 0.96 -1.61 0.99
Car 0.0 0 -2.74 269.65 148.66 448.61 229.02 1.81 1.62 3.23 -0.37 0.92 0.90 -3.07 0.96
Car 0.0 0 -0.13 680.00 173.29 724.75 195.02 1.58 1.64 4.13 0.06 0.80 0.93 -0.00 0.90
Car 0.0 0 0.04 500.15 169.14 544.45 190.85 1.62 1.66 3.99 -0.17 0.82 0.92 -0.08 0.86
Car 0.0 0 -2.66 315.81 160.26 481.88 225.38 1.63 1.65 3.80 -0.33 0.84 0.91 -2.95 0.55
