Car 0.0 0 -1.87 751.65 184.02 957.01 323.16 1.51 1.63 3.88 0.22 0.85 0.83 -1.55 1.00
Car 0.0 0 0.33 307.51 177.17 449.39 231.26 1.55 1.61 3.91 -0.37 0.82 0.96 0.02 1.00
Car 0.0 0 -2.43 11.61 156.74 202.83 350.32 1.73 1.63 3.61 -0.64 0.96 0.83 -3.04 1.00
Car 0.0 0 -1.68 683.97 181.26 734.66 229.25 1.49 1.66 3.84 0.07 0.79 0.97 -1.54 1.00
Car 0.0 0 -2.65 102.84 171.24 366.23 271.28 1.60 1.64 3.95 -0.52 0.86 0.89 -3.12 1.00
Car 0.0 0 3.31 428.24 175.57 512.64 209.39 1.46 1.67 4.27 -0.24 0.76 0.94 3.12 1.00
Car 0.0 0 -2.12 884.17 206.67 1242.53 372.26 1.45 1.59 3.68 0.50 0.87 0.88 -1.56 1.00
Car 0.0 0 -2.90 377.21 170.11 483.84 216.22 1.66 1.64 4.02 -0.30 0.86 0.97 3.14 1.00
Car 0.0 0 -1.68 660.03 176.18 686.85 209.17 1.52 1.60 3.94 0.03 0.79 0.96 -1.59 1.00
Car 0.0 0 0.58 15.74 181.40 309.74 301.20 1.51 1.62 3.83 -0.55 0.83 0.79 0.03 0.99
Car 0.0 0 0.12 525.75 171.34 559.40 189.54 1.60 1.67 3.98 -0.15 0.81 0.93 0.03 0.65
Car 0.0 0 0.90 13.61 176.64 145.61 362.61 1.54 1.61 4.12 -0.73 0.89 0.91 0.26 0.25
