Car 0.0 0 -1.85 731.16 185.59 883.06 295.88 1.54 1.60 3.70 0.17 0.85 0.84 -1.59 1.00
Car 0.0 0 -2.59 21.87 154.40 272.98 310.75 1.80 1.60 3.28 -0.60 0.97 0.84 3.12 1.00
Car 0.0 0 -1.69 678.08 182.31 724.49 226.77 1.49 1.63 3.85 0.06 0.78 0.94 -1.56 1.00
Car 0.0 0 0.62 7.20 158.13 263.77 356.99 1.74 1.69 4.09 -0.57 0.96 0.77 0.04 1.00
Car 0.0 0 -2.69 176.92 172.25 396.19 260.98 1.63 1.64 3.79 -0.46 0.87 0.90 -3.11 1.00
Car 0.0 0 0.32 336.00 175.58 462.08 226.36 1.55 1.62 3.94 -0.33 0.81 0.93 0.04 1.00
Car 0.0 0 -2.02 803.70 206.26 1210.22 371.61 1.39 1.57 3.76 0.41 0.83 0.84 -1.52 1.00
Car 0.0 0 -2.92 396.56 177.12 488.08 215.28 1.56 1.61 3.97 -0.28 0.81 0.93 3.14 1.00
Car 0.0 0 -1.65 659.02 177.75 679.80 207.43 1.52 1.59 3.86 0.02 0.79 0.97 -1.56 1.00
Car 0.0 0 0.60 114.14 176.77 362.92 273.42 1.57 1.62 3.78 -0.50 0.85 0.85 0.12 0.99
Car 0.0 0 3.35 440.78 176.01 515.84 208.05 1.51 1.67 3.99 -0.22 0.78 0.90 -3.11 0.99
