Car 0.0 0 3.30 358.77 173.73 477.31 226.93 1.62 1.62 3.98 -0.30 0.85 0.92 3.04 1.00
Car 0.0 0 -2.79 267.41 181.93 426.32 242.70 1.53 1.62 3.86 -0.39 0.82 0.91 3.14 1.00
Car 0.0 0 2.64 855.93 168.57 1157.40 281.99 1.58 1.60 4.03 0.40 0.85 0.82 3.14 1.00
Car 0.0 0 -1.73 668.83 160.65 744.26 234.18 1.61 1.61 3.77 0.07 0.84 0.94 -1.60 0.99
Car 0.0 0 -1.69 644.00 165.94 673.40 202.06 1.61 1.62 3.84 0.01 0.82 0.98 -1.63 0.99
Car 0.0 0 0.70 8.76 158.70 245.90 323.68 1.78 1.71 4.37 -0.62 0.97 0.83 0.11 0.99
Car 0.0 0 -2.62 26.63 181.39 291.61 283.64 1.49 1.58 3.96 -0.60 0.82 0.86 3.11 0.98
Car 0.0 0 3.31 446.71 178.12 502.40 205.42 1.55 1.61 3.73 -0.22 0.80 0.88 3.12 0.98
Car 0.0 0 0.38 498.86 169.77 553.19 193.13 1.61 1.71 4.28 -0.17 0.82 0.92 0.27 0.95
Car 0.0 0 0.14 465.71 176.22 522.29 202.68 1.49 1.61 3.89 -0.22 0.77 0.97 -0.02 0.45
