Pedestrian 0.0 0 -2.56 634.39 149.81 624.00 189.50 1.79 0.54 0.77 -0.03 0.88 0.99 -2.53 1.00
Pedestrian 0.0 0 -1.61 294.58 142.43 307.49 254.14 1.88 0.67 0.81 -0.51 0.97 1.04 -2.01 0.99
Pedestrian 0.0 0 1.48 608.27 158.97 618.23 252.80 1.71 0.69 0.88 -0.05 0.89 0.96 1.50 0.99
Pedestrian 0.0 0 1.29 525.31 144.55 525.35 218.35 1.82 0.61 0.96 -0.17 0.91 1.00 1.18 0.99
Pedestrian 0.0 0 1.36 544.33 148.70 546.28 222.64 1.84 0.70 0.94 -0.14 0.93 1.01 1.28 0.99
Pedestrian 0.0 0 -2.43 574.05 148.59 564.58 190.86 1.76 0.45 0.75 -0.11 0.87 0.98 -2.47 0.99
Pedestrian 0.0 0 1.32 578.17 164.92 583.49 247.46 1.69 0.62 0.81 -0.09 0.88 1.01 1.29 0.99
Pedestrian 0.0 0 1.34 455.60 142.32 458.16 221.75 1.81 0.67 0.90 -0.27 0.91 0.98 1.14 0.99
Pedestrian 0.0 0 -1.98 744.03 150.87 753.43 239.23 1.71 0.73 0.80 0.15 0.88 1.05 -1.78 0.99
Pedestrian 0.0 0 -2.04 664.94 148.62 659.34 199.04 1.67 0.50 0.72 0.02 0.83 0.96 -1.96 0.98
Pedestrian 0.0 0 1.18 489.44 146.56 487.57 217.60 1.82 0.67 0.97 -0.23 0.91 1.04 1.01 0.97
Pedestrian 0.0 0 0.57 412.22 148.52 406.22 198.61 1.81 0.58 0.96 -0.35 0.90 1.03 0.30 0.93
Pedestrian 0.0 0 2.79 379.97 155.02 372.72 193.97 1.74 0.82 1.07 -0.39 0.86 1.03 2.48 0.59
