Car 0.0 0 1.81 410.94 190.04 481.44 242.74 1.45 1.61 3.78 -0.27 0.78 0.91 1.59 1.00
Car 0.0 0 -1.92 817.28 188.82 1051.82 333.83 1.41 1.61 3.95 0.32 0.81 0.84 -1.50 1.00
Car 0.0 0 -2.19 982.56 191.94 1231.04 370.80 1.46 1.57 3.50 0.51 0.86 0.83 -1.58 1.00
Car 0.0 0 1.90 305.65 192.16 436.03 275.08 1.43 1.61 3.95 -0.36 0.79 0.91 1.58 1.00
Car 0.0 0 -1.79 754.08 182.44 859.71 267.12 1.53 1.59 3.76 0.18 0.83 0.88 -1.52 1.00
Car 0.0 0 -1.74 724.70 183.49 791.76 240.64 1.53 1.60 3.89 0.12 0.81 0.88 -1.54 1.00
Car 0.0 0 1.78 458.26 187.87 507.08 229.46 1.48 1.61 3.90 -0.23 0.79 0.95 1.61 1.00
Car 0.0 0 1.76 534.71 180.77 556.60 204.32 1.48 1.59 3.88 -0.15 0.77 1.01 1.67 0.99
Car 0.0 0 -1.68 710.21 183.41 750.41 225.10 1.49 1.59 3.73 0.09 0.78 0.90 -1.51 0.99
Car 0.0 0 -1.70 701.92 179.25 733.93 215.72 1.50 1.59 3.71 0.09 0.78 0.99 -1.55 0.96
Car 0.0 0 -0.40 563.23 176.73 584.43 191.40 1.49 1.53 3.61 -0.11 0.76 0.92 -0.45 0.96
Car 0.0 0 1.93 632.94 179.72 635.65 189.48 1.46 1.53 3.71 -0.03 0.75 0.95 1.97 0.77
