Car 0.0 0 0.32 235.96 186.86 416.16 261.78 1.53 1.58 3.71 -0.43 0.83 0.93 -0.05 1.00
Car 0.0 0 -1.68 694.64 186.86 747.87 238.45 1.50 1.63 3.66 0.09 0.80 0.94 -1.53 1.00
Car 0.0 0 -2.56 17.09 165.45 245.58 316.60 1.72 1.59 3.40 -0.63 0.94 0.86 3.14 1.00
Car 0.0 0 -0.21 745.65 174.02 852.06 219.41 1.63 1.64 3.99 0.18 0.84 0.93 0.05 1.00
Car 0.0 0 -2.06 821.33 175.49 1224.48 370.82 1.54 1.63 3.89 0.42 0.89 0.83 -1.54 1.00
Car 0.0 0 3.33 398.66 181.00 486.43 218.89 1.49 1.60 3.76 -0.27 0.78 0.92 3.10 1.00
Car 0.0 0 0.31 301.01 183.90 456.54 249.46 1.56 1.58 3.68 -0.36 0.84 0.94 0.00 1.00
Car 0.0 0 0.73 10.94 177.54 227.42 362.29 1.60 1.65 4.04 -0.59 0.91 0.78 0.13 1.00
Car 0.0 0 0.13 443.84 170.02 519.78 207.23 1.74 1.75 4.31 -0.23 0.89 0.94 -0.05 0.99
Car 0.0 0 -0.18 696.63 174.88 755.30 202.17 1.64 1.67 4.18 0.10 0.84 0.96 -0.02 0.99
Car 0.0 0 -1.67 645.47 180.34 653.08 196.88 1.35 1.64 3.58 -0.01 0.70 0.98 -1.61 0.97
Car 0.0 0 -2.69 80.47 193.88 317.05 279.73 1.39 1.57 3.83 -0.59 0.78 0.93 3.07 0.95
Cyclist 0.0 0 1.60 582.88 179.82 572.62 196.47 1.70 0.58 1.68 -0.11 0.87 1.03 1.55 0.99
