Pedestrian 0.0 0 -1.38 273.84 164.65 312.68 315.22 1.75 0.74 1.01 -0.47 0.96 0.96 -1.78 1.00
Pedestrian 0.0 0 -1.73 692.42 157.97 724.66 299.05 1.77 0.81 1.01 0.09 0.95 0.99 -1.58 0.99
Pedestrian 0.0 0 -1.67 630.43 165.63 658.95 297.66 1.78 0.81 0.99 0.00 0.96 0.97 -1.61 0.99
Pedestrian 0.0 0 -1.52 736.56 168.55 736.60 223.14 1.78 0.74 0.85 0.13 0.91 1.01 -1.33 0.94
Pedestrian 0.0 0 3.04 64.59 170.29 96.34 271.49 1.72 0.64 0.64 -0.84 0.92 1.07 2.42 0.87
Car 0.0 0 1.63 497.40 174.14 517.91 201.89 1.56 1.70 4.29 -0.19 0.79 0.98 1.50 0.98
Cyclist 0.0 0 1.78 346.56 168.84 421.99 320.68 1.70 0.66 1.77 -0.36 0.94 0.99 1.48 0.99
Cyclist 0.0 0 1.68 469.11 165.12 491.79 244.09 1.75 0.63 1.85 -0.23 0.91 1.01 1.51 0.99
Cyclist 0.0 0 1.77 480.58 170.69 503.99 253.66 1.64 0.70 1.67 -0.21 0.86 0.99 1.62 0.97
Cyclist 0.0 0 3.04 56.05 169.91 104.84 265.32 1.70 0.62 0.77 -0.84 0.91 1.08 2.41 0.31
