Pedestrian 0.0 0 1.36 716.52 165.54 713.28 204.45 1.76 0.70 0.74 0.09 0.90 1.01 1.50 0.57
Car 0.0 0 -2.19 872.98 184.51 1228.85 369.50 1.51 1.58 3.65 0.44 0.87 0.82 -1.64 1.00
Car 0.0 0 2.20 13.98 204.64 271.21 372.56 1.47 1.62 3.95 -0.60 0.87 0.84 1.62 1.00
Car 0.0 0 1.84 401.82 186.35 468.21 238.65 1.52 1.57 3.78 -0.29 0.81 0.95 1.60 0.99
Car 0.0 0 -1.53 650.06 177.37 664.40 200.53 1.50 1.66 3.82 0.01 0.77 1.02 -1.46 0.98
Car 0.0 0 1.70 518.40 176.03 527.09 215.79 1.74 0.81 2.30 -0.18 0.90 0.99 1.58 0.90
Car 0.0 0 1.87 628.91 175.94 631.98 185.42 1.51 1.58 4.05 -0.03 0.76 1.03 1.90 0.61
Cyclist 0.0 0 1.75 470.09 178.00 493.30 256.67 1.72 0.65 1.73 -0.24 0.92 1.00 1.58 0.99
Cyclist 0.0 0 1.83 429.15 175.39 463.28 266.25 1.80 0.71 1.94 -0.29 0.97 1.01 1.61 0.99
Cyclist 0.0 0 1.72 524.51 172.05 526.24 220.14 1.84 0.64 1.98 -0.18 0.95 1.03 1.60 0.98
