Car 0.0 0 1.90 276.15 191.82 423.56 288.92 1.47 1.60 3.91 -0.39 0.82 0.91 1.55 1.00
Car 0.0 0 -1.96 839.14 191.25 1118.18 355.76 1.44 1.61 3.95 0.37 0.84 0.83 -1.49 1.00
Car 0.0 0 -1.78 724.80 182.87 799.10 242.50 1.54 1.62 3.93 0.13 0.82 0.91 -1.57 1.00
Car 0.0 0 -1.79 763.16 184.13 880.71 273.42 1.45 1.58 3.88 0.19 0.79 0.85 -1.50 1.00
Car 0.0 0 1.85 394.06 188.49 476.12 246.47 1.48 1.61 3.88 -0.28 0.80 0.92 1.61 1.00
Car 0.0 0 -2.39 1063.79 198.31 1229.71 372.93 1.48 1.60 3.67 0.59 0.88 0.87 -1.75 1.00
Car 0.0 0 1.81 451.60 187.32 503.36 230.61 1.51 1.58 3.83 -0.24 0.81 0.98 1.63 1.00
Car 0.0 0 -1.71 709.74 181.20 758.38 227.65 1.50 1.59 3.80 0.09 0.79 0.88 -1.53 1.00
Car 0.0 0 1.73 531.38 180.38 553.22 205.66 1.49 1.62 3.85 -0.16 0.77 1.04 1.64 0.99
Car 0.0 0 -1.69 703.13 178.57 733.70 214.78 1.55 1.59 3.73 0.09 0.81 0.97 -1.54 0.99
Car 0.0 0 -0.21 569.35 177.54 585.97 190.68 1.48 1.52 3.66 -0.10 0.76 0.94 -0.26 0.93
