Car 0.0 0 -1.74 722.96 191.18 824.47 275.24 1.43 1.58 3.77 0.15 0.79 0.92 -1.52 1.00
Car 0.0 0 0.57 -0.68 202.51 294.15 326.46 1.49 1.61 3.81 -0.60 0.85 0.85 -0.00 1.00
Car 0.0 0 0.47 107.35 189.76 378.03 292.16 1.51 1.61 3.68 -0.52 0.84 0.90 -0.00 1.00
Car 0.0 0 -0.18 706.46 178.96 785.37 213.46 1.57 1.64 4.07 0.11 0.81 0.92 0.01 1.00
Car 0.0 0 -0.24 781.30 182.11 943.57 242.17 1.51 1.63 3.98 0.26 0.80 0.91 0.10 1.00
Car 0.0 0 -2.98 392.89 180.21 491.72 221.35 1.57 1.66 4.23 -0.27 0.82 0.90 3.07 0.99
Car 0.0 0 -2.79 271.96 180.34 413.95 244.83 1.72 1.55 3.23 -0.40 0.91 0.91 3.14 0.99
Car 0.0 0 0.44 222.85 180.86 430.31 261.16 1.65 1.64 4.02 -0.42 0.89 0.92 0.06 0.99
Car 0.0 0 -2.47 4.52 208.88 71.41 370.43 1.42 1.59 4.03 -0.85 0.87 0.99 3.14 0.99
Car 0.0 0 -2.88 333.55 182.68 463.17 234.42 1.55 1.61 3.81 -0.34 0.82 0.95 3.11 0.99
Car 0.0 0 -1.66 648.25 182.86 658.56 202.28 1.41 1.62 3.60 -0.00 0.73 0.97 -1.60 0.99
Car 0.0 0 0.42 194.99 184.60 402.86 272.83 1.55 1.57 3.51 -0.45 0.84 0.91 0.01 0.98
Car 0.0 0 0.22 401.08 169.32 508.25 218.05 1.91 1.79 4.45 -0.27 0.98 0.96 0.01 0.97
Cyclist 0.0 0 1.61 574.11 180.66 565.36 203.28 1.73 0.60 1.70 -0.12 0.89 1.02 1.56 0.99
