Car 0.0 0 -2.48 12.35 182.74 161.37 348.64 1.53 1.61 3.86 -0.68 0.87 0.86 -3.10 1.00
Car 0.0 0 -1.79 730.12 187.46 851.41 279.40 1.49 1.61 3.87 0.17 0.82 0.91 -1.54 1.00
Car 0.0 0 0.51 21.67 183.16 359.04 299.99 1.61 1.69 4.27 -0.56 0.89 0.86 -0.02 1.00
Car 0.0 0 -2.87 294.37 177.93 446.94 238.79 1.58 1.62 3.97 -0.37 0.84 0.93 3.09 1.00
Car 0.0 0 1.69 534.55 182.30 565.61 217.14 1.50 1.65 3.86 -0.14 0.79 0.95 1.61 1.00
Car 0.0 0 -2.93 443.72 176.62 512.29 208.04 1.50 1.59 3.83 -0.23 0.77 0.91 -3.11 1.00
Car 0.0 0 -2.16 881.15 213.47 1237.18 373.25 1.43 1.58 3.72 0.50 0.86 0.90 -1.60 1.00
Car 0.0 0 -1.70 665.44 177.66 697.29 213.87 1.56 1.62 3.73 0.03 0.81 0.89 -1.60 1.00
Car 0.0 0 0.47 161.89 186.02 395.18 272.42 1.53 1.59 3.73 -0.48 0.84 0.91 0.04 0.99
Car 0.0 0 0.41 234.39 174.99 426.89 251.39 1.58 1.63 3.84 -0.43 0.84 0.97 0.04 0.97
Car 0.0 0 -1.70 640.85 178.37 643.42 190.04 1.44 1.61 3.72 -0.02 0.73 0.95 -1.66 0.95
