Pedestrian 0.0 0 1.27 681.49 155.18 706.24 289.60 1.81 0.61 0.93 0.06 0.96 0.96 1.39 1.00
Pedestrian 0.0 0 -1.55 294.55 141.05 308.59 255.43 1.90 0.66 0.85 -0.50 0.98 1.02 -1.96 0.99
Pedestrian 0.0 0 1.25 498.84 144.41 503.52 226.72 1.77 0.60 0.86 -0.20 0.89 0.98 1.11 0.99
Pedestrian 0.0 0 1.30 627.37 171.48 648.03 288.88 1.71 0.67 0.87 -0.01 0.92 0.97 1.35 0.99
Pedestrian 0.0 0 1.17 463.65 149.85 458.92 205.11 1.78 0.61 0.87 -0.26 0.89 0.98 0.97 0.99
Pedestrian 0.0 0 -2.55 607.50 148.97 595.15 182.79 1.70 0.49 0.77 -0.06 0.83 1.00 -2.56 0.99
Pedestrian 0.0 0 1.52 393.49 151.43 385.06 195.85 1.82 0.70 0.92 -0.37 0.90 1.00 1.22 0.99
Pedestrian 0.0 0 1.25 560.84 139.57 569.89 232.74 1.78 0.66 0.88 -0.11 0.90 0.97 1.19 0.99
Pedestrian 0.0 0 1.26 546.90 140.02 551.73 224.16 1.82 0.60 0.94 -0.14 0.91 0.96 1.18 0.98
Pedestrian 0.0 0 1.26 513.67 141.84 522.07 230.57 1.79 0.68 0.92 -0.18 0.90 0.96 1.14 0.97
Pedestrian 0.0 0 -1.94 675.06 148.96 679.20 225.57 1.80 0.69 0.81 0.04 0.91 1.01 -1.83 0.97
Pedestrian 0.0 0 1.18 428.30 147.17 421.74 201.12 1.67 0.61 0.75 -0.32 0.83 1.02 0.94 0.85
Pedestrian 0.0 0 -2.05 660.64 150.02 654.41 197.76 1.86 0.62 0.80 0.01 0.92 0.99 -1.97 0.81
