Car 0.0 0 1.71 461.81 179.09 542.91 262.90 1.70 1.63 3.99 -0.19 0.91 0.90 1.56 1.00
Car 0.0 0 -1.94 807.19 190.69 1086.29 371.91 1.52 1.59 3.66 0.34 0.89 0.85 -1.50 1.00
Car 0.0 0 1.32 748.80 196.64 856.38 276.14 1.42 1.59 4.05 0.16 0.78 0.81 1.58 1.00
Car 0.0 0 2.00 21.53 216.02 399.86 369.84 1.43 1.57 3.85 -0.54 0.86 0.87 1.49 1.00
Car 0.0 0 -1.71 719.91 198.88 774.03 249.27 1.42 1.56 3.71 0.11 0.77 0.88 -1.52 1.00
Car 0.0 0 -1.66 697.02 191.38 722.40 224.61 1.53 1.57 3.61 0.07 0.81 0.91 -1.52 0.99
Car 0.0 0 1.61 566.88 190.27 581.65 217.07 1.50 1.61 3.96 -0.11 0.79 0.96 1.56 0.98
Car 0.0 0 -1.66 712.47 195.99 748.75 236.55 1.45 1.56 3.66 0.10 0.78 0.94 -1.50 0.97
Car 0.0 0 -1.73 686.42 190.88 708.78 218.26 1.48 1.57 3.69 0.06 0.79 0.99 -1.61 0.96
Car 0.0 0 1.67 515.62 193.86 551.76 238.75 1.54 1.61 3.99 -0.16 0.83 0.96 1.57 0.96
