Car 0.0 0 -1.38 395.44 187.30 480.73 253.65 1.43 1.61 3.83 -0.28 0.78 0.94 -1.61 1.00
Car 0.0 0 -1.74 707.56 186.10 800.70 270.24 1.53 1.60 3.53 0.12 0.84 0.91 -1.54 1.00
Car 0.0 0 -1.23 206.19 211.77 399.32 335.32 1.41 1.58 3.59 -0.45 0.83 0.91 -1.63 1.00
Car 0.0 0 -2.18 874.53 184.12 1243.04 370.84 1.51 1.60 3.74 0.47 0.88 0.84 -1.62 1.00
Car 0.0 0 -1.62 665.08 181.88 690.74 217.82 1.57 1.61 3.73 0.03 0.82 0.95 -1.52 1.00
Car 0.0 0 1.72 487.25 188.45 518.69 219.67 1.47 1.63 3.86 -0.21 0.78 0.98 1.58 0.99
Car 0.0 0 -1.55 643.33 180.24 647.92 196.33 1.44 1.63 3.71 -0.01 0.74 0.99 -1.50 0.99
Car 0.0 0 1.68 527.92 186.30 539.21 206.82 1.48 1.58 3.83 -0.17 0.77 1.00 1.57 0.99
Cyclist 0.0 0 1.61 578.20 181.88 569.31 202.48 1.76 0.59 1.84 -0.11 0.91 1.04 1.56 0.98
Cyclist 0.0 0 1.58 590.64 180.92 580.67 196.42 1.75 0.67 1.85 -0.10 0.90 1.08 1.55 0.93
