Car 0.0 0 1.86 388.99 192.45 454.55 239.72 1.47 1.62 3.91 -0.31 0.79 0.94 1.60 1.00
Car 0.0 0 2.68 872.85 150.35 1034.60 210.61 1.65 1.69 4.07 0.35 0.83 0.86 3.13 1.00
Car 0.0 0 1.97 166.45 203.77 341.87 309.35 1.44 1.56 3.78 -0.51 0.83 0.91 1.51 1.00
Car 0.0 0 1.91 308.94 198.75 406.41 265.49 1.51 1.59 3.80 -0.39 0.83 0.95 1.57 1.00
Car 0.0 0 2.24 12.71 220.96 201.02 373.19 1.43 1.61 3.86 -0.70 0.87 0.92 1.64 1.00
Car 0.0 0 2.84 781.07 159.80 871.78 201.42 1.66 1.61 3.68 0.22 0.84 0.94 3.13 1.00
Car 0.0 0 -1.67 672.47 179.38 699.34 212.78 1.53 1.58 3.79 0.04 0.80 0.94 -1.57 1.00
Car 0.0 0 -1.68 680.17 176.64 724.10 222.97 1.52 1.59 3.65 0.05 0.79 0.89 -1.55 1.00
Car 0.0 0 -0.62 1169.24 137.42 1234.75 174.54 1.54 1.75 4.37 0.70 0.75 0.92 0.07 1.00
Car 0.0 0 2.73 854.48 151.86 966.50 201.05 1.73 1.72 3.75 0.32 0.87 0.91 3.13 0.99
Car 0.0 0 1.80 452.38 190.38 494.63 224.76 1.51 1.65 4.04 -0.24 0.80 0.94 1.61 0.99
Car 0.0 0 1.68 511.70 185.57 524.71 206.62 1.41 1.57 3.61 -0.18 0.73 0.92 1.55 0.98
Car 0.0 0 2.77 825.21 158.76 925.28 200.72 1.64 1.71 3.82 0.27 0.83 0.89 3.12 0.96
Car 0.0 0 -0.74 1228.41 125.60 1232.49 179.40 1.56 1.68 4.21 0.77 0.75 0.96 -0.03 0.95
Car 0.0 0 -1.70 610.84 178.98 610.22 189.61 1.43 1.62 3.59 -0.06 0.73 0.93 -1.70 0.80
Car 0.0 0 1.71 541.96 181.71 542.07 194.90 1.52 1.28 3.46 -0.16 0.78 1.01 1.61 0.26
