Pedestrian 0.0 0 -1.43 679.81 171.57 695.90 275.13 1.73 0.79 0.97 0.06 0.92 0.99 -1.31 1.00
Pedestrian 0.0 0 -2.37 82.52 165.24 127.44 315.87 1.87 0.66 0.82 -0.80 1.02 1.07 -2.97 0.99
Pedestrian 0.0 0 2.45 451.32 172.58 461.16 252.80 1.75 0.65 0.83 -0.26 0.92 1.02 2.26 0.99
Pedestrian 0.0 0 -1.51 716.77 175.45 730.49 272.48 1.70 0.83 0.96 0.12 0.91 1.02 -1.34 0.99
Pedestrian 0.0 0 -1.64 645.12 170.29 649.96 237.77 1.69 0.86 0.97 0.01 0.88 1.02 -1.58 0.98
Pedestrian 0.0 0 1.54 797.09 171.20 802.81 236.28 1.67 0.73 0.93 0.22 0.87 0.99 1.81 0.97
Pedestrian 0.0 0 1.88 419.22 176.21 428.25 249.55 1.70 0.70 0.83 -0.31 0.90 1.02 1.64 0.95
Pedestrian 0.0 0 -1.95 778.26 167.57 781.37 226.05 1.77 0.73 1.01 0.19 0.91 1.02 -1.70 0.93
Pedestrian 0.0 0 1.38 758.05 164.67 764.13 235.00 1.78 0.73 0.94 0.15 0.92 0.93 1.60 0.92
Pedestrian 0.0 0 -1.67 746.48 168.63 751.90 240.11 1.72 0.82 0.91 0.15 0.89 1.01 -1.46 0.89
Car 0.0 0 1.62 557.83 180.42 578.73 210.17 1.47 1.69 4.21 -0.10 0.76 0.99 1.57 0.99
