Pedestrian 0.0 0 -1.92 823.06 154.61 866.14 310.24 1.76 0.88 0.95 0.30 0.96 1.05 -1.60 1.00
Pedestrian 0.0 0 -1.92 731.69 162.74 772.28 317.95 1.70 0.84 0.93 0.16 0.94 1.05 -1.71 0.99
Pedestrian 0.0 0 -1.54 253.61 168.59 276.92 280.04 1.74 0.66 0.76 -0.54 0.93 1.03 -1.98 0.99
Pedestrian 0.0 0 -2.05 788.80 162.52 811.63 268.10 1.80 0.79 0.87 0.22 0.95 1.02 -1.78 0.99
Pedestrian 0.0 0 -1.93 636.65 166.57 644.41 240.16 1.68 0.78 0.85 -0.00 0.87 1.00 -1.88 0.99
Pedestrian 0.0 0 1.95 373.95 171.96 394.48 268.30 1.73 0.64 0.85 -0.36 0.92 1.00 1.66 0.99
Pedestrian 0.0 0 2.52 1093.50 131.92 1155.89 309.15 1.79 0.72 0.89 0.68 0.95 1.02 -3.14 0.98
Pedestrian 0.0 0 1.80 340.37 167.45 357.44 267.31 1.72 0.70 0.88 -0.40 0.91 0.98 1.46 0.97
Pedestrian 0.0 0 2.78 1116.60 142.35 1188.19 324.01 1.82 0.86 1.19 0.81 0.99 1.12 -2.85 0.97
Pedestrian 0.0 0 -1.87 706.21 174.79 709.31 232.54 1.67 0.72 0.82 0.09 0.87 0.99 -1.72 0.96
Car 0.0 0 1.75 403.54 154.45 484.04 229.05 1.67 1.66 4.25 -0.26 0.85 0.92 1.53 1.00
Car 0.0 0 1.55 536.50 166.54 558.48 201.37 1.51 1.66 4.14 -0.13 0.76 0.93 1.47 0.99
Car 0.0 0 1.69 460.29 165.56 499.96 209.44 1.58 1.63 4.22 -0.21 0.80 0.92 1.53 0.99
