Pedestrian 0.0 0 -1.20 344.48 167.88 356.12 273.88 1.88 0.44 0.39 -0.43 1.01 1.02 -1.54 0.99
Pedestrian 0.0 0 -1.22 384.94 173.09 388.36 259.28 1.79 0.42 0.49 -0.36 0.96 0.98 -1.52 0.98
Car 0.0 0 -1.93 754.58 188.42 1074.98 373.32 1.45 1.58 3.80 0.28 0.85 0.81 -1.53 1.00
Car 0.0 0 -2.38 942.43 199.80 1232.32 370.34 1.42 1.59 3.72 0.53 0.85 0.88 -1.80 1.00
Car 0.0 0 -1.26 264.97 191.04 492.24 340.02 1.42 1.58 3.78 -0.36 0.83 0.94 -1.57 1.00
Car 0.0 0 -1.64 654.13 180.58 676.95 211.43 1.52 1.58 3.75 0.01 0.79 0.93 -1.56 1.00
Car 0.0 0 -1.70 672.09 181.74 722.00 229.39 1.48 1.62 3.88 0.06 0.79 1.00 -1.58 1.00
Car 0.0 0 -1.60 640.64 176.83 650.74 199.93 1.54 1.63 3.75 -0.01 0.79 1.00 -1.55 0.99
Car 0.0 0 -1.24 386.59 188.08 497.52 261.80 1.50 1.63 3.86 -0.28 0.82 0.94 -1.47 0.99
Car 0.0 0 -1.06 10.33 185.04 379.67 369.81 1.55 1.66 4.13 -0.56 0.90 0.86 -1.58 0.99
Car 0.0 0 -1.51 544.21 181.34 565.86 210.29 1.47 1.61 3.71 -0.14 0.77 1.00 -1.59 0.95
