Pedestrian 0.0 0 2.81 416.13 171.57 433.44 269.34 1.70 0.75 0.92 -0.31 0.91 1.03 2.57 1.00
Pedestrian 0.0 0 1.92 346.91 169.73 365.99 270.14 1.72 0.68 0.96 -0.39 0.91 0.97 1.59 1.00
Pedestrian 0.0 0 1.34 850.84 166.92 869.32 264.64 1.71 0.66 0.81 0.29 0.90 0.98 1.68 0.99
Pedestrian 0.0 0 -1.75 705.02 176.22 718.41 264.23 1.69 0.83 0.86 0.11 0.90 1.07 -1.60 0.99
Pedestrian 0.0 0 1.29 887.24 168.34 906.31 263.53 1.74 0.67 0.84 0.33 0.92 0.94 1.68 0.99
Pedestrian 0.0 0 -1.59 665.53 166.70 670.01 239.48 1.74 0.85 0.91 0.03 0.90 0.99 -1.50 0.98
Pedestrian 0.0 0 -1.79 791.32 163.12 801.71 244.68 1.83 0.82 0.94 0.21 0.95 1.00 -1.52 0.98
Pedestrian 0.0 0 -1.70 744.29 172.02 768.11 293.74 1.74 0.80 0.99 0.16 0.94 1.00 -1.49 0.98
Pedestrian 0.0 0 -1.74 798.60 164.28 800.66 228.45 1.81 0.80 0.91 0.23 0.93 1.03 -1.47 0.96
Pedestrian 0.0 0 -1.72 729.25 176.55 743.75 273.40 1.68 0.79 0.91 0.14 0.91 1.07 -1.53 0.93
Car 0.0 0 1.63 562.67 177.29 589.76 213.03 1.48 1.70 4.12 -0.09 0.76 0.97 1.59 0.99
