Car 0.0 0 -1.92 751.37 187.70 973.40 327.46 1.46 1.62 3.90 0.24 0.83 0.86 -1.58 1.00
Car 0.0 0 1.79 367.19 195.52 477.60 277.46 1.45 1.61 4.00 -0.30 0.80 0.90 1.53 1.00
Car 0.0 0 -1.79 714.54 185.71 817.38 263.69 1.51 1.63 4.04 0.13 0.82 0.89 -1.57 1.00
Car 0.0 0 1.88 222.55 203.79 407.02 334.16 1.42 1.55 3.69 -0.43 0.83 0.90 1.49 1.00
Car 0.0 0 -2.17 858.12 199.36 1236.02 371.28 1.46 1.60 3.74 0.47 0.87 0.86 -1.62 1.00
Car 0.0 0 2.21 14.19 229.26 311.21 371.88 1.36 1.62 3.97 -0.61 0.84 0.88 1.66 1.00
Car 0.0 0 2.45 560.85 185.14 586.75 197.83 1.51 1.57 4.08 -0.11 0.78 0.94 2.40 0.99
Car 0.0 0 -1.87 604.03 188.99 615.57 202.92 1.35 1.60 3.50 -0.06 0.71 0.94 -1.87 0.99
Car 0.0 0 2.82 953.05 161.85 1098.87 217.05 1.79 1.72 3.62 0.53 0.92 1.03 -2.94 0.99
Car 0.0 0 -1.79 648.07 183.84 676.34 211.13 1.55 1.64 3.73 0.01 0.81 1.00 -1.71 0.98
Cyclist 0.0 0 2.04 507.16 182.77 504.56 201.12 1.65 0.56 1.50 -0.20 0.85 0.99 1.90 0.98
