Pedestrian 0.0 0 -1.88 882.47 151.63 941.71 353.27 1.75 0.82 0.93 0.36 0.97 0.97 -1.47 1.00
Pedestrian 0.0 0 -1.77 789.39 162.20 844.00 350.52 1.73 0.83 0.91 0.23 0.97 0.97 -1.48 1.00
Pedestrian 0.0 0 1.95 1008.87 150.29 1033.34 257.51 1.71 0.66 0.72 0.52 0.89 0.99 2.48 0.99
Pedestrian 0.0 0 2.83 1139.02 145.85 1182.68 278.78 1.75 0.67 1.05 0.83 0.93 1.13 -2.79 0.99
Pedestrian 0.0 0 -2.08 703.49 164.72 714.43 242.28 1.66 0.74 0.81 0.09 0.86 0.99 -1.93 0.99
Pedestrian 0.0 0 -1.69 139.72 171.05 189.35 342.21 1.70 0.64 0.92 -0.70 0.96 1.05 -2.24 0.98
Pedestrian 0.0 0 -2.86 463.52 172.12 480.56 267.82 1.75 0.73 1.00 -0.25 0.94 1.07 -3.04 0.98
Pedestrian 0.0 0 -2.91 910.54 152.79 946.68 280.43 1.82 0.78 1.07 0.43 0.96 1.06 -2.49 0.97
Pedestrian 0.0 0 1.88 455.07 172.03 456.39 230.06 1.80 0.67 0.89 -0.26 0.93 1.01 1.68 0.94
Car 0.0 0 1.58 560.11 172.23 567.09 194.90 1.51 1.61 4.00 -0.11 0.76 0.96 1.53 0.99
Car 0.0 0 1.66 493.69 168.35 523.16 208.29 1.65 1.68 4.15 -0.18 0.84 0.94 1.54 0.99
Car 0.0 0 1.69 461.50 167.88 507.93 216.72 1.73 1.69 4.32 -0.21 0.88 0.96 1.53 0.84
Cyclist 0.0 0 2.25 0.74 157.19 129.89 356.20 1.80 0.56 1.73 -0.80 1.00 0.99 1.61 0.91
