Car 0.0 0 -1.90 765.09 189.55 1016.09 356.94 1.49 1.60 3.75 0.26 0.86 0.81 -1.53 1.00
Car 0.0 0 -2.60 64.34 172.78 349.64 285.19 1.55 1.63 3.96 -0.54 0.84 0.86 -3.11 1.00
Car 0.0 0 -2.91 367.06 172.45 477.23 221.65 1.65 1.64 4.01 -0.31 0.86 0.97 3.12 1.00
Car 0.0 0 0.60 19.59 192.97 281.08 312.09 1.56 1.64 3.79 -0.59 0.87 0.83 0.03 1.00
Car 0.0 0 0.33 292.72 179.65 440.14 237.55 1.56 1.60 3.85 -0.38 0.83 0.94 0.01 1.00
Car 0.0 0 -2.97 427.75 179.77 504.45 212.32 1.49 1.65 4.04 -0.24 0.77 0.89 3.12 1.00
Car 0.0 0 -1.72 685.35 185.57 743.00 238.36 1.50 1.61 3.64 0.08 0.80 0.94 -1.58 1.00
Car 0.0 0 -2.30 941.70 221.52 1232.79 372.55 1.37 1.54 3.56 0.52 0.83 0.87 -1.71 1.00
Car 0.0 0 -2.33 5.37 164.03 151.68 367.66 1.65 1.65 3.86 -0.71 0.94 0.88 -2.96 1.00
Car 0.0 0 -1.66 660.02 179.03 688.49 214.18 1.50 1.61 4.01 0.03 0.78 1.00 -1.57 0.99
