Car 0.0 0 -1.32 387.92 187.14 486.87 262.55 1.46 1.63 3.96 -0.27 0.78 0.90 -1.56 1.00
Car 0.0 0 -1.21 217.72 180.85 337.14 252.73 1.46 1.61 3.88 -0.48 0.77 0.91 -1.64 1.00
Car 0.0 0 -0.95 6.73 189.11 197.84 310.81 1.45 1.59 3.78 -0.71 0.81 0.92 -1.56 1.00
Car 0.0 0 -1.45 503.21 185.36 538.99 223.46 1.47 1.61 3.80 -0.17 0.76 0.90 -1.57 1.00
Car 0.0 0 -1.09 82.96 184.58 217.04 249.05 1.50 1.61 3.83 -0.68 0.80 0.98 -1.65 1.00
Car 0.0 0 -1.24 346.77 184.14 415.39 227.54 1.45 1.64 4.12 -0.38 0.76 1.02 -1.55 0.99
Car 0.0 0 -0.84 5.77 189.17 53.21 269.07 1.43 1.67 3.99 -0.93 0.78 1.07 -1.52 0.99
Car 0.0 0 -0.79 9.72 205.86 227.50 372.91 1.42 1.64 3.92 -0.70 0.85 0.95 -1.39 0.99
Car 0.0 0 -1.41 465.56 181.14 489.54 205.07 1.45 1.63 3.86 -0.25 0.74 1.06 -1.58 0.99
Car 0.0 0 -1.58 586.07 178.52 610.38 215.16 1.58 1.67 3.96 -0.07 0.81 1.02 -1.59 0.99
