Car 0.0 0 -1.28 293.54 187.29 469.55 311.16 1.50 1.63 3.86 -0.34 0.83 0.89 -1.58 1.00
Car 0.0 0 -1.02 14.07 188.40 238.10 311.27 1.48 1.58 3.74 -0.66 0.82 0.90 -1.61 1.00
Car 0.0 0 -1.46 486.09 184.21 532.31 233.07 1.53 1.63 3.87 -0.19 0.80 0.95 -1.59 1.00
Car 0.0 0 -1.17 279.49 187.58 340.09 222.78 1.44 1.59 3.74 -0.50 0.75 1.05 -1.56 1.00
Car 0.0 0 -1.59 568.98 183.20 610.72 233.79 1.56 1.68 3.49 -0.08 0.82 1.02 -1.61 0.99
Car 0.0 0 -1.26 316.60 183.51 400.30 235.19 1.46 1.59 3.87 -0.41 0.76 1.02 -1.60 0.98
Car 0.0 0 -1.47 519.07 183.80 539.85 210.54 1.48 1.61 3.92 -0.17 0.76 1.01 -1.58 0.98
Car 0.0 0 -1.09 115.29 189.94 223.98 243.73 1.42 1.60 3.90 -0.70 0.76 1.04 -1.64 0.98
Car 0.0 0 -0.83 8.70 214.52 284.20 371.66 1.40 1.64 3.88 -0.67 0.85 0.95 -1.40 0.96
Car 0.0 0 -1.50 542.24 184.10 549.02 202.01 1.47 1.60 3.71 -0.15 0.74 0.99 -1.58 0.95
