Car 0.0 0 1.99 155.06 203.74 330.62 301.62 1.45 1.61 3.94 -0.52 0.83 0.90 1.52 1.00
Car 0.0 0 -1.34 388.59 187.13 455.03 237.72 1.45 1.59 3.82 -0.30 0.78 0.93 -1.59 1.00
Car 0.0 0 -1.71 689.70 181.29 760.85 244.65 1.47 1.63 3.90 0.09 0.79 0.94 -1.55 1.00
Car 0.0 0 2.76 814.23 161.05 966.24 217.46 1.65 1.72 4.31 0.29 0.85 0.90 3.13 1.00
Car 0.0 0 -0.80 1141.37 144.58 1230.81 193.72 1.58 1.73 4.28 0.69 0.78 0.94 -0.13 1.00
Car 0.0 0 2.50 958.97 157.77 1230.14 261.20 1.52 1.72 4.44 0.51 0.80 0.84 3.09 1.00
Car 0.0 0 1.78 465.50 184.95 500.21 215.41 1.49 1.65 3.90 -0.23 0.78 0.99 1.61 1.00
Car 0.0 0 2.66 896.35 147.23 1140.37 239.24 1.62 1.65 3.79 0.43 0.83 0.85 -3.11 0.99
Car 0.0 0 2.47 8.63 236.62 132.66 374.33 1.45 1.66 4.15 -0.82 0.91 1.01 1.83 0.99
Car 0.0 0 -1.64 649.66 179.55 657.21 197.67 1.46 1.67 3.80 0.00 0.75 1.00 -1.58 0.85
