Car 0.0 0 1.96 162.53 196.36 418.57 349.85 1.48 1.62 3.96 -0.44 0.86 0.87 1.55 1.00
Car 0.0 0 1.78 389.76 192.41 478.44 256.73 1.38 1.59 3.86 -0.28 0.76 0.90 1.54 1.00
Car 0.0 0 2.18 13.93 208.40 231.71 353.54 1.42 1.57 3.82 -0.66 0.84 0.89 1.59 1.00
Car 0.0 0 -1.64 656.41 178.80 682.20 213.18 1.53 1.62 3.70 0.02 0.79 0.93 -1.56 1.00
Car 0.0 0 2.81 781.21 158.61 926.85 212.29 1.60 1.72 4.59 0.24 0.81 0.89 3.13 0.99
Car 0.0 0 1.67 497.04 186.35 507.13 205.02 1.42 1.56 3.72 -0.20 0.74 0.96 1.52 0.98
Car 0.0 0 2.84 766.58 157.51 878.96 204.73 1.71 1.70 4.17 0.22 0.87 0.95 3.12 0.96
Car 0.0 0 -0.81 987.67 153.68 1035.19 174.95 1.53 1.64 3.94 0.49 0.75 0.99 -0.30 0.94
Car 0.0 0 2.90 739.44 161.66 826.24 199.51 1.62 1.69 4.00 0.17 0.82 0.97 3.13 0.87
Car 0.0 0 -0.54 953.00 154.75 1027.87 176.01 1.49 1.74 4.28 0.47 0.74 1.00 -0.05 0.33
Car 0.0 0 -0.56 933.66 156.94 1000.38 179.38 1.51 1.75 4.38 0.44 0.75 1.01 -0.10 0.21
