Car 0.0 0 -2.51 10.67 196.79 194.48 341.90 1.49 1.64 4.06 -0.66 0.86 0.86 -3.12 1.00
Car 0.0 0 -0.28 768.40 180.99 907.99 235.53 1.53 1.64 3.93 0.23 0.81 0.90 0.03 1.00
Car 0.0 0 -2.90 359.77 182.91 475.83 226.45 1.51 1.64 4.13 -0.31 0.80 0.94 3.13 1.00
Car 0.0 0 -1.71 711.58 190.01 795.46 261.36 1.45 1.60 3.80 0.13 0.79 0.95 -1.52 1.00
Car 0.0 0 0.49 77.59 195.21 351.84 295.17 1.50 1.62 3.82 -0.54 0.84 0.88 -0.01 1.00
Car 0.0 0 0.40 193.17 185.40 411.92 273.24 1.56 1.61 3.72 -0.45 0.85 0.92 -0.01 1.00
Car 0.0 0 -0.13 703.16 177.09 772.41 208.99 1.65 1.69 4.14 0.11 0.85 0.96 0.04 0.99
Car 0.0 0 -2.98 411.71 182.60 497.86 218.30 1.53 1.65 4.19 -0.25 0.80 0.89 3.09 0.99
Car 0.0 0 0.39 263.94 180.94 445.49 252.78 1.61 1.60 3.80 -0.39 0.86 0.93 0.05 0.99
Car 0.0 0 -2.83 305.15 182.85 436.24 234.43 1.58 1.57 3.55 -0.36 0.84 0.91 3.14 0.98
Car 0.0 0 0.16 422.08 171.86 518.36 213.60 1.82 1.80 4.48 -0.24 0.94 0.95 -0.03 0.98
Car 0.0 0 -1.66 645.77 183.38 654.72 201.71 1.47 1.65 3.63 -0.00 0.76 0.99 -1.60 0.98
Cyclist 0.0 0 1.60 579.00 178.60 568.76 198.45 1.74 0.59 1.66 -0.11 0.90 1.06 1.55 0.98
