Car 0.0 0 -1.11 165.37 185.99 301.24 255.79 1.50 1.60 3.79 -0.54 0.80 0.93 -1.59 1.00
Car 0.0 0 -1.25 302.65 186.52 452.62 289.13 1.49 1.61 3.83 -0.35 0.81 0.92 -1.56 1.00
Car 0.0 0 -1.75 698.23 187.72 769.45 247.69 1.40 1.56 3.71 0.10 0.74 0.92 -1.57 1.00
Car 0.0 0 -0.91 12.73 192.65 312.23 369.98 1.49 1.68 3.88 -0.59 0.86 0.86 -1.47 1.00
Car 0.0 0 -1.41 456.33 184.72 498.57 224.66 1.46 1.62 3.92 -0.23 0.76 0.96 -1.59 1.00
Car 0.0 0 -1.59 596.51 181.65 606.38 203.73 1.55 1.68 3.69 -0.07 0.79 0.98 -1.59 0.99
Car 0.0 0 -1.61 643.90 181.13 655.01 204.44 1.59 1.69 3.78 -0.00 0.81 0.99 -1.55 0.99
Car 0.0 0 -1.23 333.09 186.15 397.06 223.41 1.45 1.62 3.97 -0.39 0.75 0.98 -1.55 0.99
Car 0.0 0 -1.48 538.23 185.12 544.41 200.27 1.44 1.60 3.58 -0.15 0.73 0.96 -1.57 0.98
Car 0.0 0 -1.42 513.18 185.26 528.58 207.70 1.44 1.56 3.65 -0.18 0.74 0.96 -1.54 0.98
Car 0.0 0 -1.37 399.93 186.82 434.97 215.47 1.41 1.60 3.75 -0.34 0.73 1.04 -1.63 0.63
