Car 0.0 0 -1.85 733.92 169.45 950.96 328.97 1.59 1.64 3.74 0.21 0.88 0.84 -1.54 1.00
Car 0.0 0 -1.74 683.26 180.10 743.86 236.54 1.51 1.57 3.76 0.07 0.80 0.92 -1.59 1.00
Car 0.0 0 -2.68 187.20 179.48 378.57 255.36 1.57 1.60 3.61 -0.47 0.84 0.89 -3.10 1.00
Car 0.0 0 -1.78 702.85 182.78 796.97 257.98 1.51 1.61 3.89 0.12 0.82 0.90 -1.59 1.00
Car 0.0 0 3.37 339.96 175.51 465.67 225.64 1.52 1.62 4.09 -0.32 0.80 0.92 3.09 1.00
Car 0.0 0 -2.56 10.79 191.17 283.50 315.22 1.45 1.54 3.76 -0.61 0.82 0.85 -3.13 1.00
Car 0.0 0 0.23 421.76 181.19 494.46 210.76 1.51 1.62 3.95 -0.26 0.78 0.96 0.03 1.00
Car 0.0 0 -2.63 86.07 181.26 335.19 276.97 1.54 1.58 3.56 -0.56 0.84 0.89 -3.13 1.00
Car 0.0 0 0.66 12.38 187.52 225.34 359.24 1.53 1.61 3.92 -0.60 0.88 0.79 0.07 1.00
Car 0.0 0 -2.83 279.20 164.27 430.67 237.59 1.91 1.67 3.53 -0.39 0.99 0.93 3.12 0.99
Car 0.0 0 0.38 220.84 166.08 432.92 251.96 1.67 1.66 3.97 -0.43 0.88 0.94 0.01 0.99
Car 0.0 0 -1.71 659.90 178.19 686.45 207.18 1.50 1.66 3.88 0.03 0.78 0.98 -1.62 0.98
Car 0.0 0 3.35 449.14 173.73 514.77 201.89 1.51 1.65 3.88 -0.22 0.77 0.91 -3.11 0.98
Car 0.0 0 -1.69 648.80 178.45 658.20 198.67 1.51 1.64 3.85 0.00 0.78 1.03 -1.63 0.25
