Car 0.0 0 0.85 16.37 156.03 213.21 350.77 1.73 1.72 4.31 -0.61 0.95 0.80 0.25 1.00
Car 0.0 0 2.38 973.82 185.23 1232.40 362.20 1.50 1.65 4.10 0.53 0.87 0.85 2.98 1.00
Car 0.0 0 -1.71 642.33 183.30 682.76 224.72 1.48 1.58 3.84 0.01 0.78 0.98 -1.63 1.00
Car 0.0 0 -2.83 314.03 183.27 450.72 234.08 1.51 1.63 4.00 -0.36 0.80 0.96 -3.14 0.99
Car 0.0 0 0.19 433.04 182.47 498.50 209.50 1.52 1.67 4.15 -0.24 0.79 0.90 -0.01 0.99
Car 0.0 0 -0.53 855.84 186.05 1206.06 313.88 1.48 1.64 4.02 0.46 0.84 0.90 -0.00 0.99
Car 0.0 0 -1.66 626.79 181.35 640.94 204.06 1.53 1.65 3.83 -0.03 0.79 0.98 -1.63 0.99
Car 0.0 0 -0.46 826.05 169.50 1091.73 280.70 1.64 1.66 3.88 0.37 0.88 0.89 -0.01 0.98
Car 0.0 0 3.46 250.23 184.42 419.83 242.12 1.45 1.62 4.12 -0.42 0.78 0.95 3.10 0.97
Cyclist 0.0 0 1.78 433.50 183.97 458.23 265.11 1.72 0.62 1.67 -0.28 0.93 0.99 1.56 1.00
