Car 0.0 0 -1.73 694.90 176.58 780.08 257.00 1.55 1.57 3.52 0.10 0.83 0.91 -1.55 1.00
Car 0.0 0 -2.57 76.54 188.96 328.45 292.38 1.52 1.58 3.63 -0.56 0.84 0.88 -3.08 1.00
Car 0.0 0 0.46 161.62 184.98 394.95 266.55 1.54 1.67 4.06 -0.47 0.84 0.89 0.03 0.99
Car 0.0 0 -1.70 665.64 180.92 705.10 221.62 1.47 1.59 3.76 0.04 0.78 0.96 -1.59 0.99
Car 0.0 0 -2.76 226.96 185.39 410.52 255.21 1.51 1.60 3.88 -0.42 0.82 0.90 3.14 0.99
Car 0.0 0 -2.94 407.04 178.72 493.12 213.52 1.51 1.64 4.01 -0.26 0.79 0.92 3.13 0.99
Car 0.0 0 0.24 339.78 170.67 481.17 232.73 1.69 1.64 4.08 -0.33 0.88 0.98 -0.03 0.98
Car 0.0 0 -2.87 334.57 184.06 446.37 233.46 1.54 1.55 3.52 -0.34 0.82 0.91 3.11 0.98
Car 0.0 0 -1.69 678.02 185.94 734.20 238.49 1.49 1.59 3.80 0.06 0.79 0.90 -1.56 0.97
Car 0.0 0 -1.70 646.29 181.89 662.26 203.72 1.46 1.61 3.75 0.00 0.76 1.00 -1.64 0.97
Car 0.0 0 0.28 486.85 178.11 527.11 198.76 1.49 1.60 3.69 -0.18 0.77 0.87 0.14 0.85
