Pedestrian 0.0 0 1.06 718.94 176.52 764.21 356.09 1.64 0.59 0.80 0.13 0.94 0.95 1.26 1.00
Pedestrian 0.0 0 -1.54 294.21 139.82 308.66 256.59 1.91 0.65 0.84 -0.50 0.98 1.01 -1.94 0.99
Pedestrian 0.0 0 0.86 785.96 167.90 832.95 348.84 1.67 0.57 0.82 0.22 0.94 0.97 1.15 0.99
Pedestrian 0.0 0 1.34 407.61 147.34 402.67 200.12 1.83 0.66 0.91 -0.34 0.91 0.99 1.07 0.99
Pedestrian 0.0 0 -1.98 636.60 145.80 639.30 219.89 1.82 0.62 0.93 -0.01 0.91 1.03 -1.93 0.99
Pedestrian 0.0 0 1.13 588.96 143.92 596.91 235.89 1.76 0.59 1.00 -0.08 0.89 1.01 1.11 0.99
Pedestrian 0.0 0 1.26 428.91 149.39 421.01 198.14 1.80 0.60 0.87 -0.31 0.89 0.99 1.02 0.99
Pedestrian 0.0 0 1.26 532.53 146.51 541.63 241.14 1.80 0.62 0.98 -0.15 0.92 0.98 1.16 0.98
Pedestrian 0.0 0 1.18 604.45 142.97 615.14 244.64 1.83 0.68 0.95 -0.05 0.94 0.97 1.18 0.98
Pedestrian 0.0 0 1.13 552.79 145.71 561.70 242.29 1.82 0.72 0.99 -0.13 0.93 1.00 1.07 0.98
Pedestrian 0.0 0 1.20 448.61 146.39 442.20 202.56 1.82 0.65 0.82 -0.29 0.90 1.01 0.98 0.97
Pedestrian 0.0 0 1.31 484.37 146.46 478.32 202.50 1.80 0.68 0.89 -0.23 0.89 0.99 1.14 0.96
Pedestrian 0.0 0 1.36 516.64 147.32 509.96 203.08 1.82 0.67 0.89 -0.19 0.91 0.98 1.23 0.95
Pedestrian 0.0 0 -1.28 656.40 147.95 649.99 199.25 1.74 0.64 0.81 0.01 0.86 0.99 -1.21 0.88
