Car 0.0 0 1.74 422.79 172.03 533.19 277.26 1.64 1.65 3.92 -0.23 0.89 0.91 1.56 1.00
Car 0.0 0 1.27 801.20 193.50 980.89 312.02 1.40 1.57 3.96 0.24 0.78 0.76 1.64 1.00
Car 0.0 0 -1.72 731.52 186.29 784.97 238.17 1.46 1.54 3.59 0.13 0.78 0.91 -1.51 1.00
Car 0.0 0 -1.77 741.68 191.90 830.14 258.10 1.40 1.58 3.91 0.15 0.76 0.87 -1.53 1.00
Car 0.0 0 -1.69 697.53 185.23 722.60 214.60 1.51 1.57 3.81 0.07 0.79 0.94 -1.55 1.00
Car 0.0 0 -1.71 711.77 184.03 749.97 223.83 1.50 1.57 3.63 0.10 0.79 0.93 -1.54 0.99
Car 0.0 0 -2.14 930.37 184.80 1235.57 369.91 1.49 1.56 3.63 0.51 0.87 0.87 -1.56 0.99
Car 0.0 0 1.69 499.01 185.01 552.49 247.93 1.49 1.55 3.82 -0.17 0.80 0.94 1.58 0.99
Car 0.0 0 1.64 566.07 182.00 583.00 209.84 1.50 1.62 4.02 -0.11 0.78 0.99 1.59 0.99
Car 0.0 0 2.43 9.05 222.67 236.99 371.81 1.47 1.65 4.00 -0.70 0.90 0.95 1.83 0.99
