Car 0.0 0 -1.77 696.74 180.07 803.14 268.59 1.55 1.60 3.79 0.11 0.84 0.89 -1.58 1.00
Car 0.0 0 -2.49 5.93 169.54 199.51 362.17 1.71 1.70 3.97 -0.64 0.96 0.82 -3.10 1.00
Car 0.0 0 -2.74 188.80 185.03 400.23 264.45 1.54 1.63 4.00 -0.46 0.84 0.92 3.13 1.00
Car 0.0 0 -1.74 679.59 184.94 740.87 239.24 1.51 1.61 3.87 0.07 0.81 0.91 -1.60 1.00
Car 0.0 0 0.42 136.42 196.39 364.58 284.84 1.49 1.58 3.66 -0.52 0.83 0.93 -0.05 1.00
Car 0.0 0 -2.18 882.34 212.93 1227.28 372.47 1.40 1.56 3.62 0.47 0.84 0.85 -1.62 1.00
Car 0.0 0 0.55 10.86 186.18 291.09 319.43 1.53 1.62 3.74 -0.57 0.86 0.80 -0.01 1.00
Car 0.0 0 -2.94 420.29 174.92 496.51 210.68 1.66 1.61 3.65 -0.26 0.86 0.94 3.14 0.99
Car 0.0 0 -1.65 660.58 177.53 693.35 216.75 1.52 1.60 3.83 0.03 0.79 0.98 -1.56 0.99
Car 0.0 0 -1.65 649.40 181.12 658.06 202.63 1.50 1.54 3.59 -0.00 0.77 0.96 -1.59 0.98
Car 0.0 0 0.15 468.40 184.42 519.23 208.68 1.39 1.56 3.74 -0.21 0.73 0.95 -0.01 0.97
