Car 0.0 0 -1.76 700.63 171.55 800.35 262.67 1.63 1.61 3.69 0.12 0.87 0.92 -1.57 1.00
Car 0.0 0 -2.08 808.56 199.78 1229.39 370.87 1.43 1.58 3.82 0.42 0.85 0.85 -1.56 1.00
Car 0.0 0 0.43 152.66 180.71 388.80 268.69 1.57 1.66 4.06 -0.48 0.85 0.90 -0.00 1.00
Car 0.0 0 0.21 409.21 175.82 499.60 217.92 1.60 1.63 3.83 -0.26 0.83 0.94 0.00 1.00
Car 0.0 0 -1.66 667.88 181.16 694.98 213.26 1.44 1.57 3.72 0.04 0.76 0.99 -1.56 0.99
Car 0.0 0 0.10 472.63 168.79 524.37 191.86 1.64 1.73 4.19 -0.21 0.83 0.96 -0.05 0.99
Car 0.0 0 0.22 383.75 184.42 477.15 224.06 1.51 1.62 3.81 -0.29 0.80 0.94 -0.03 0.99
Car 0.0 0 -1.66 637.27 178.33 638.51 189.98 1.36 1.61 3.67 -0.02 0.70 0.95 -1.63 0.98
Car 0.0 0 -2.78 277.59 169.84 407.83 239.33 1.87 1.59 2.93 -0.40 0.97 0.91 -3.13 0.98
Car 0.0 0 -2.82 318.68 185.49 423.35 230.46 1.48 1.55 3.31 -0.35 0.78 0.88 -3.14 0.97
Cyclist 0.0 0 1.63 587.74 174.11 575.69 186.84 1.70 0.59 1.69 -0.10 0.86 1.09 1.59 0.96
