Pedestrian 0.0 0 0.26 417.58 158.99 440.09 277.42 1.83 0.61 1.06 -0.34 0.98 1.12 0.02 0.99
Pedestrian 0.0 0 -2.36 19.42 190.08 31.70 276.93 1.73 0.67 0.78 -0.92 0.94 1.04 -3.04 0.99
Pedestrian 0.0 0 0.33 673.80 153.32 688.56 250.62 1.80 0.64 1.00 0.06 0.93 1.07 0.44 0.98
Pedestrian 0.0 0 0.72 129.42 178.47 137.40 258.43 1.77 0.56 1.03 -0.71 0.94 0.98 0.14 0.98
Pedestrian 0.0 0 0.71 115.91 182.38 126.33 262.66 1.69 0.51 1.07 -0.73 0.90 0.98 0.11 0.91
Car 0.0 0 -0.69 1153.50 163.11 1209.54 192.03 1.56 1.69 4.07 0.74 0.78 0.97 -0.01 1.00
Car 0.0 0 -1.15 30.15 198.04 404.12 366.61 1.43 1.59 4.03 -0.56 0.85 0.91 -1.66 0.99
Car 0.0 0 1.64 470.94 174.28 474.71 190.42 1.49 1.67 4.03 -0.25 0.75 1.01 1.45 0.99
Cyclist 0.0 0 -0.19 353.83 167.67 424.37 255.42 1.72 0.63 1.81 -0.36 0.91 0.98 -0.49 1.00
Cyclist 0.0 0 -0.64 1038.00 149.06 1067.23 191.22 1.71 0.60 1.76 0.61 0.84 1.06 -0.08 1.00
Cyclist 0.0 0 -1.44 947.80 151.31 952.02 205.16 1.68 0.73 1.72 0.44 0.84 1.02 -0.98 0.99
