Car 0.0 0 -1.81 733.04 178.44 888.74 303.73 1.55 1.60 3.54 0.19 0.86 0.87 -1.53 1.00
Car 0.0 0 0.61 8.48 185.78 309.38 312.03 1.57 1.65 4.01 -0.57 0.87 0.82 0.05 1.00
Car 0.0 0 0.27 330.97 182.21 457.15 235.31 1.52 1.62 3.86 -0.34 0.81 0.94 -0.02 1.00
Car 0.0 0 -2.78 236.96 185.90 384.68 247.15 1.58 1.61 3.57 -0.44 0.84 0.92 3.12 1.00
Car 0.0 0 -1.67 675.78 183.72 713.02 224.88 1.45 1.62 3.68 0.05 0.77 0.97 -1.55 0.99
Car 0.0 0 0.23 372.38 180.92 480.80 228.30 1.55 1.62 3.75 -0.30 0.82 0.95 -0.02 0.99
Car 0.0 0 0.11 460.06 171.99 520.41 196.13 1.65 1.83 4.48 -0.22 0.84 0.96 -0.06 0.99
Car 0.0 0 -2.66 183.95 174.56 357.65 258.67 1.78 1.58 3.04 -0.48 0.95 0.89 -3.10 0.99
Car 0.0 0 0.47 103.62 178.56 365.24 279.87 1.66 1.63 3.82 -0.54 0.90 0.92 -0.01 0.99
Car 0.0 0 -0.17 719.37 174.41 805.97 210.93 1.66 1.66 4.16 0.14 0.86 0.96 0.04 0.99
Car 0.0 0 0.22 389.68 173.82 495.20 219.98 1.69 1.69 4.13 -0.28 0.88 0.94 -0.01 0.98
Car 0.0 0 -1.65 638.59 179.61 644.96 196.08 1.36 1.49 3.56 -0.02 0.70 0.97 -1.60 0.92
Cyclist 0.0 0 1.57 583.78 176.11 571.87 192.60 1.73 0.56 1.64 -0.11 0.88 1.04 1.52 0.98
