Car 0.0 0 -2.32 951.79 182.43 1229.29 373.72 1.51 1.61 3.73 0.49 0.86 0.81 -1.73 1.00
Car 0.0 0 -1.24 231.64 186.06 411.29 305.71 1.51 1.63 3.87 -0.41 0.83 0.89 -1.62 1.00
Car 0.0 0 -0.95 11.81 190.81 174.84 308.59 1.43 1.57 3.74 -0.71 0.80 0.90 -1.57 1.00
Car 0.0 0 -1.36 446.90 187.54 500.54 230.12 1.41 1.63 4.00 -0.24 0.74 0.98 -1.55 1.00
Car 0.0 0 -1.45 500.03 188.90 527.55 219.90 1.45 1.60 3.80 -0.19 0.75 0.97 -1.58 0.99
Car 0.0 0 -1.14 204.09 178.83 312.23 240.92 1.56 1.67 4.00 -0.52 0.82 0.95 -1.59 0.99
Car 0.0 0 -1.61 649.52 183.25 656.59 203.09 1.49 1.65 3.86 0.00 0.76 0.96 -1.55 0.98
Car 0.0 0 -1.59 602.70 182.90 625.60 217.72 1.59 1.65 3.77 -0.05 0.82 0.99 -1.58 0.98
Car 0.0 0 -1.15 350.08 189.19 404.84 219.98 1.37 1.52 3.56 -0.37 0.71 0.96 -1.46 0.98
Car 0.0 0 -1.52 538.08 183.84 545.75 201.91 1.51 1.65 3.74 -0.15 0.77 1.02 -1.61 0.97
Car 0.0 0 -1.35 422.55 186.80 453.99 214.79 1.45 1.61 3.97 -0.31 0.75 1.06 -1.58 0.96
Car 0.0 0 -1.25 319.53 183.12 379.86 219.07 1.46 1.61 3.93 -0.44 0.75 1.05 -1.59 0.81
