Car 0.0 0 -1.37 418.38 185.36 496.25 248.91 1.44 1.63 3.98 -0.26 0.76 0.95 -1.58 1.00
Car 0.0 0 -1.23 290.80 182.91 375.61 235.63 1.44 1.62 3.96 -0.43 0.75 0.96 -1.59 1.00
Car 0.0 0 -0.99 14.12 181.09 366.80 373.22 1.57 1.69 4.06 -0.56 0.89 0.85 -1.52 1.00
Car 0.0 0 -1.46 506.55 183.81 536.34 217.00 1.45 1.61 3.93 -0.17 0.75 0.96 -1.58 1.00
Car 0.0 0 -1.57 581.00 178.72 606.18 215.83 1.53 1.66 3.72 -0.08 0.78 1.02 -1.59 0.99
Car 0.0 0 -0.98 6.48 189.46 173.07 270.57 1.50 1.64 3.91 -0.78 0.82 1.00 -1.60 0.99
Car 0.0 0 -1.14 170.65 186.68 280.87 239.84 1.45 1.60 3.92 -0.60 0.76 1.01 -1.62 0.99
Car 0.0 0 -1.41 474.29 181.25 496.06 204.74 1.43 1.59 3.80 -0.24 0.73 1.03 -1.58 0.98
Car 0.0 0 -1.31 381.06 184.21 431.99 219.48 1.41 1.60 3.91 -0.35 0.73 1.05 -1.58 0.98
Car 0.0 0 -0.90 10.12 198.77 154.42 317.50 1.37 1.55 3.73 -0.81 0.79 1.03 -1.53 0.92
