Car 0.0 0 2.53 963.14 190.36 1235.05 356.59 1.49 1.61 3.88 0.50 0.86 0.82 3.12 1.00
Car 0.0 0 -0.43 843.80 197.12 1041.07 267.61 1.42 1.61 3.83 0.35 0.79 0.89 0.00 1.00
Car 0.0 0 -2.60 11.70 188.84 305.84 302.71 1.47 1.62 4.05 -0.60 0.82 0.87 3.13 1.00
Car 0.0 0 0.35 277.74 183.07 447.78 251.36 1.54 1.59 3.72 -0.38 0.83 0.92 0.02 1.00
Car 0.0 0 -2.69 103.66 185.09 390.34 281.82 1.47 1.63 4.15 -0.53 0.81 0.92 3.12 1.00
Car 0.0 0 -2.88 329.45 176.92 467.39 239.93 1.71 1.62 3.81 -0.33 0.90 0.93 3.12 1.00
Car 0.0 0 -0.31 808.96 187.34 979.97 254.68 1.51 1.62 3.89 0.30 0.82 0.91 0.07 1.00
Car 0.0 0 -0.22 719.67 183.57 829.66 225.39 1.50 1.67 4.20 0.15 0.79 0.93 0.01 0.99
Car 0.0 0 -1.67 649.11 184.07 665.82 209.05 1.49 1.57 3.69 0.00 0.78 0.97 -1.60 0.99
Car 0.0 0 0.18 451.61 186.06 520.21 213.70 1.55 1.65 4.07 -0.22 0.81 0.94 0.01 0.99
