Pedestrian 0.0 0 0.70 95.56 164.26 100.93 220.95 1.78 0.52 0.68 -0.79 0.92 1.02 0.09 0.98
Pedestrian 0.0 0 2.97 525.47 164.58 527.14 195.47 1.82 0.78 1.52 -0.16 0.92 0.90 2.86 0.93
Car 0.0 0 -2.47 809.61 168.31 841.61 183.64 1.44 1.51 3.60 0.22 0.72 0.92 -2.18 1.00
Car 0.0 0 1.30 480.66 159.55 513.94 192.78 1.60 1.69 4.22 -0.20 0.80 0.91 1.14 1.00
Car 0.0 0 -2.00 561.31 164.65 602.35 189.22 1.55 1.67 3.85 -0.10 0.78 0.98 -2.04 0.99
Car 0.0 0 0.39 959.71 163.83 995.88 179.75 1.54 1.62 4.01 0.41 0.77 0.91 0.86 0.99
Car 0.0 0 -2.41 774.85 162.94 814.25 182.37 1.56 1.56 3.64 0.19 0.78 0.97 -2.16 0.99
Car 0.0 0 -2.31 839.41 168.96 868.32 182.67 1.46 1.59 3.72 0.25 0.73 0.90 -1.98 0.99
Car 0.0 0 -2.09 738.39 165.59 768.73 185.99 1.52 1.66 3.77 0.12 0.77 0.91 -1.89 0.98
Car 0.0 0 0.78 885.56 165.70 925.30 181.01 1.51 1.61 4.18 0.32 0.76 0.92 1.17 0.98
Car 0.0 0 -2.37 865.82 169.88 890.87 182.02 1.45 1.55 3.53 0.26 0.73 0.87 -2.01 0.98
Car 0.0 0 0.44 983.28 165.72 1013.98 177.83 1.44 1.59 3.82 0.44 0.72 0.92 0.93 0.95
Car 0.0 0 -2.70 522.18 167.58 537.81 192.28 1.57 1.19 2.26 -0.16 0.79 0.89 -2.80 0.90
