Car 0.0 0 -1.72 700.32 186.43 767.59 247.38 1.47 1.59 3.66 0.10 0.79 0.95 -1.54 1.00
Car 0.0 0 -2.45 8.21 159.63 158.43 356.31 1.66 1.64 3.71 -0.70 0.93 0.87 -3.08 1.00
Car 0.0 0 -2.60 15.39 194.10 270.48 303.84 1.46 1.63 4.09 -0.63 0.82 0.88 3.11 1.00
Car 0.0 0 -0.16 755.46 175.44 881.68 225.35 1.56 1.66 4.10 0.21 0.81 0.93 0.12 1.00
Car 0.0 0 0.42 169.93 188.07 387.09 270.91 1.51 1.61 3.75 -0.47 0.83 0.90 -0.01 1.00
Car 0.0 0 -2.19 888.04 178.14 1238.01 369.51 1.56 1.65 3.92 0.49 0.90 0.87 -1.63 1.00
Car 0.0 0 3.35 379.81 179.46 487.80 220.77 1.50 1.63 4.16 -0.29 0.79 0.96 3.11 1.00
Car 0.0 0 -0.14 700.50 174.78 760.56 202.49 1.65 1.67 4.14 0.10 0.85 0.97 0.03 0.99
Car 0.0 0 0.32 250.09 185.87 435.51 262.57 1.54 1.63 3.81 -0.40 0.84 0.92 -0.03 0.99
Car 0.0 0 0.18 434.08 169.52 513.93 208.80 1.83 1.78 4.36 -0.24 0.94 0.96 -0.01 0.99
Car 0.0 0 0.36 300.47 177.22 464.96 241.67 1.59 1.62 3.94 -0.36 0.84 0.94 0.05 0.98
Car 0.0 0 -1.65 646.00 180.01 653.44 197.97 1.50 1.63 3.65 -0.00 0.77 1.00 -1.60 0.95
Cyclist 0.0 0 1.66 582.39 179.90 573.00 196.26 1.67 0.66 1.75 -0.11 0.86 1.06 1.62 0.98
