Car 0.0 0 -1.88 758.10 199.36 975.25 346.80 1.45 1.58 3.70 0.23 0.84 0.81 -1.54 1.00
Car 0.0 0 -1.71 640.62 191.49 682.71 233.10 1.48 1.58 3.77 0.01 0.79 0.92 -1.64 1.00
Car 0.0 0 -1.78 689.36 192.15 778.49 266.94 1.48 1.56 3.65 0.10 0.81 0.95 -1.61 1.00
Car 0.0 0 1.73 436.96 196.50 494.17 251.68 1.50 1.62 3.87 -0.25 0.82 0.95 1.54 1.00
Car 0.0 0 -1.74 658.65 192.59 721.11 247.47 1.50 1.59 3.74 0.04 0.81 0.89 -1.63 1.00
Car 0.0 0 2.07 9.06 206.54 339.72 371.78 1.43 1.57 3.67 -0.59 0.86 0.87 1.53 1.00
Car 0.0 0 -2.18 868.69 206.48 1226.21 371.91 1.43 1.60 3.74 0.47 0.86 0.88 -1.64 1.00
Car 0.0 0 1.70 481.29 195.63 505.76 229.89 1.47 1.53 3.79 -0.21 0.79 0.95 1.54 0.99
Car 0.0 0 1.66 502.66 195.35 518.70 220.36 1.44 1.61 3.87 -0.19 0.77 0.95 1.52 0.96
Car 0.0 0 -1.85 577.95 190.70 585.49 202.71 1.43 1.64 3.63 -0.10 0.75 0.97 -1.88 0.96
Car 0.0 0 -1.74 610.05 192.13 617.88 207.28 1.40 1.55 3.67 -0.05 0.73 0.91 -1.73 0.96
Car 0.0 0 2.99 759.21 179.60 813.45 205.51 1.63 1.72 4.05 0.18 0.84 0.99 -3.05 0.95
