Pedestrian 0.0 0 2.39 432.62 174.25 448.02 265.51 1.77 0.69 0.88 -0.28 0.94 1.00 2.17 1.00
Pedestrian 0.0 0 1.83 380.65 173.27 396.65 266.52 1.70 0.71 0.88 -0.34 0.90 0.96 1.54 0.99
Pedestrian 0.0 0 -1.64 726.20 172.85 747.56 285.58 1.72 0.71 0.88 0.13 0.93 1.00 -1.45 0.99
Pedestrian 0.0 0 1.28 823.33 167.04 835.49 249.10 1.74 0.68 0.89 0.26 0.91 0.99 1.59 0.99
Pedestrian 0.0 0 1.33 857.37 170.00 871.72 253.36 1.70 0.69 0.88 0.29 0.89 0.94 1.69 0.99
Pedestrian 0.0 0 -1.83 792.36 164.75 799.41 242.46 1.87 0.76 1.01 0.21 0.96 0.98 -1.57 0.98
Pedestrian 0.0 0 -1.63 661.77 169.72 666.34 238.14 1.75 0.86 0.94 0.03 0.91 1.01 -1.54 0.98
Pedestrian 0.0 0 -1.73 701.67 178.62 714.50 263.19 1.67 0.81 0.92 0.10 0.90 1.07 -1.58 0.96
Pedestrian 0.0 0 -1.82 738.92 180.52 758.65 285.51 1.58 0.69 0.90 0.13 0.86 0.93 -1.62 0.89
Car 0.0 0 1.63 568.87 179.39 590.63 211.44 1.51 1.67 4.10 -0.09 0.77 0.95 1.60 1.00
