Car 0.0 0 -1.20 115.17 185.76 401.06 369.45 1.46 1.60 3.74 -0.49 0.84 0.87 -1.65 1.00
Car 0.0 0 -0.88 9.39 190.93 145.76 316.76 1.44 1.59 3.74 -0.75 0.81 0.93 -1.51 1.00
Car 0.0 0 -1.75 706.24 187.87 785.41 254.92 1.40 1.57 3.57 0.12 0.75 0.92 -1.55 1.00
Car 0.0 0 -1.30 370.65 185.92 480.37 263.78 1.44 1.61 3.94 -0.29 0.77 0.91 -1.54 1.00
Car 0.0 0 -1.39 470.20 179.86 508.13 214.47 1.45 1.59 3.98 -0.23 0.74 1.01 -1.55 1.00
Car 0.0 0 -1.27 351.78 182.63 418.92 227.46 1.46 1.60 3.84 -0.36 0.76 0.98 -1.57 0.99
Car 0.0 0 -1.58 597.04 181.08 606.49 203.46 1.53 1.60 3.71 -0.07 0.78 0.95 -1.59 0.99
Car 0.0 0 -1.48 520.43 186.49 531.14 206.22 1.44 1.57 3.59 -0.17 0.74 0.97 -1.59 0.98
Car 0.0 0 -1.63 650.73 179.84 663.35 204.90 1.50 1.60 3.88 0.01 0.76 0.98 -1.56 0.98
Car 0.0 0 -1.19 239.03 187.86 349.32 247.91 1.45 1.62 3.95 -0.50 0.77 1.02 -1.60 0.98
Car 0.0 0 -1.47 538.26 183.93 545.82 200.75 1.43 1.60 3.57 -0.14 0.72 0.91 -1.56 0.94
Car 0.0 0 -1.57 627.19 180.39 623.58 190.17 1.42 1.62 3.77 -0.03 0.71 1.03 -1.54 0.93
