Car 0.0 0 -2.52 12.64 176.43 233.27 330.08 1.62 1.66 3.87 -0.64 0.91 0.86 -3.12 1.00
Car 0.0 0 -2.16 861.38 179.31 1231.91 368.28 1.55 1.63 3.85 0.44 0.89 0.82 -1.62 1.00
Car 0.0 0 0.47 107.99 188.85 368.58 286.24 1.56 1.65 3.96 -0.51 0.86 0.87 -0.00 1.00
Car 0.0 0 -2.20 732.59 179.08 798.63 212.73 1.53 1.59 3.78 0.14 0.79 0.91 -1.98 1.00
Car 0.0 0 -2.69 179.81 182.97 353.74 266.04 1.70 1.53 2.90 -0.49 0.92 0.90 -3.13 0.99
Car 0.0 0 -2.88 349.72 178.32 463.19 222.29 1.52 1.62 3.90 -0.32 0.80 0.93 3.13 0.99
Car 0.0 0 -2.35 7.75 184.98 85.40 371.31 1.56 1.62 3.87 -0.79 0.92 0.94 -3.02 0.99
Car 0.0 0 -1.74 637.56 181.19 653.76 202.33 1.39 1.53 3.70 -0.01 0.72 0.98 -1.69 0.98
Car 0.0 0 -2.80 312.73 178.77 428.69 231.69 1.69 1.59 3.41 -0.38 0.89 0.97 -3.12 0.96
Car 0.0 0 -2.94 372.30 175.83 481.26 216.99 1.49 1.62 3.75 -0.30 0.78 0.93 3.09 0.75
