Car 0.0 0 -2.82 284.59 192.61 432.51 247.80 1.44 1.57 3.86 -0.39 0.78 0.94 3.12 1.00
Car 0.0 0 -2.54 922.96 186.54 1211.29 296.19 1.40 1.60 4.06 0.46 0.78 0.82 -1.97 1.00
Car 0.0 0 -1.77 672.13 186.98 723.87 230.51 1.46 1.58 3.76 0.06 0.78 0.95 -1.65 1.00
Car 0.0 0 -2.69 164.87 194.73 359.66 271.59 1.52 1.59 3.64 -0.49 0.84 0.90 -3.14 1.00
Car 0.0 0 -2.89 341.66 190.53 463.18 236.18 1.46 1.60 4.11 -0.34 0.78 0.96 3.12 1.00
Car 0.0 0 -1.67 650.59 186.17 672.96 214.70 1.51 1.60 3.91 0.01 0.79 1.01 -1.60 1.00
Car 0.0 0 -2.51 14.71 157.81 239.97 348.48 1.73 1.64 3.81 -0.61 0.96 0.82 -3.10 0.99
Car 0.0 0 -2.66 44.08 188.98 321.77 293.29 1.49 1.58 4.06 -0.62 0.83 0.94 3.09 0.99
Car 0.0 0 0.21 449.89 187.71 521.67 214.19 1.45 1.65 4.22 -0.21 0.76 0.88 0.04 0.99
Car 0.0 0 -1.63 639.28 179.33 643.45 198.04 1.59 1.60 3.79 -0.01 0.82 1.03 -1.59 0.66
