Car 0.0 0 -0.50 875.33 181.96 1217.28 309.02 1.46 1.66 4.00 0.45 0.82 0.84 0.04 1.00
Car 0.0 0 0.36 261.09 184.16 440.90 248.14 1.55 1.67 4.22 -0.40 0.83 0.95 0.02 1.00
Car 0.0 0 -2.59 9.11 195.73 299.92 310.95 1.47 1.59 3.87 -0.61 0.83 0.87 3.13 1.00
Car 0.0 0 -2.41 10.42 203.55 194.66 359.51 1.46 1.64 4.16 -0.67 0.86 0.86 -3.03 1.00
Car 0.0 0 0.25 421.80 180.16 510.40 213.61 1.53 1.64 4.26 -0.25 0.80 0.96 0.05 1.00
Car 0.0 0 -1.69 661.81 185.05 702.03 225.59 1.42 1.57 3.86 0.04 0.75 1.01 -1.59 0.99
Car 0.0 0 -1.68 653.04 183.89 671.76 209.21 1.49 1.58 3.82 0.01 0.78 1.02 -1.60 0.98
Car 0.0 0 1.63 561.65 179.76 569.51 198.00 1.45 1.57 3.64 -0.12 0.75 1.00 1.57 0.97
Car 0.0 0 -1.62 640.16 179.76 644.28 196.31 1.50 1.60 3.70 -0.02 0.77 0.97 -1.57 0.95
Car 0.0 0 2.76 509.19 179.61 535.61 196.86 1.48 1.59 3.76 -0.17 0.76 0.92 2.64 0.88
