Pedestrian 0.0 0 2.99 846.00 161.89 838.58 190.42 1.85 0.57 1.07 0.27 0.93 1.03 -2.99 0.96
Car 0.0 0 2.86 100.43 168.62 216.49 207.89 1.61 1.68 4.51 -0.64 0.83 0.93 2.31 1.00
Car 0.0 0 3.00 640.97 171.93 698.20 195.69 1.58 1.73 4.24 0.02 0.80 0.94 3.08 1.00
Car 0.0 0 -1.63 984.49 158.16 1019.08 186.44 1.54 1.68 4.06 0.46 0.77 0.95 -1.14 1.00
Car 0.0 0 -2.12 847.54 166.90 876.47 185.33 1.55 1.62 3.65 0.26 0.78 0.90 -1.79 0.99
Car 0.0 0 -2.01 809.46 167.38 833.47 185.07 1.58 1.70 3.86 0.21 0.79 0.93 -1.73 0.99
Car 0.0 0 -2.20 1053.01 162.51 1095.55 183.14 1.56 1.55 3.67 0.58 0.78 0.99 -1.63 0.99
Car 0.0 0 1.32 779.75 160.93 801.58 186.23 1.67 1.71 4.21 0.18 0.84 0.97 1.57 0.96
Car 0.0 0 -2.05 1131.75 163.98 1183.66 187.77 1.52 1.64 4.12 0.63 0.76 0.91 -1.40 0.95
Car 0.0 0 -1.96 1018.26 165.22 1049.64 186.18 1.49 1.59 3.79 0.47 0.75 0.91 -1.43 0.91
