Car 0.0 0 1.93 238.06 194.34 438.50 320.43 1.47 1.61 3.99 -0.40 0.84 0.90 1.57 1.00
Car 0.0 0 2.87 776.45 160.59 907.62 208.33 1.56 1.70 4.69 0.23 0.79 0.89 -3.10 1.00
Car 0.0 0 -1.65 651.70 178.79 679.39 213.29 1.50 1.61 3.68 0.01 0.78 0.95 -1.57 1.00
Car 0.0 0 2.12 14.71 206.55 262.30 331.96 1.39 1.53 3.72 -0.63 0.81 0.87 1.54 1.00
Car 0.0 0 1.77 408.87 192.71 484.52 249.80 1.37 1.60 3.87 -0.26 0.75 0.90 1.55 1.00
Car 0.0 0 2.81 755.16 157.57 866.59 203.21 1.65 1.75 4.07 0.19 0.84 0.91 3.08 0.96
Car 0.0 0 2.86 729.68 162.81 819.68 198.92 1.58 1.71 4.11 0.16 0.80 0.96 3.09 0.74
Car 0.0 0 1.69 497.90 184.74 507.58 201.61 1.42 1.61 3.73 -0.22 0.74 1.05 1.54 0.54
Car 0.0 0 -0.76 979.08 156.40 1019.70 172.48 1.47 1.66 4.05 0.49 0.72 1.02 -0.26 0.51
Car 0.0 0 -0.63 1003.45 144.88 1081.85 169.57 1.54 1.77 4.52 0.57 0.75 1.05 -0.09 0.43
Car 0.0 0 -0.69 939.00 155.97 986.10 173.61 1.49 1.74 4.24 0.43 0.73 1.01 -0.24 0.34
