Pedestrian 0.0 0 -2.33 855.53 150.53 875.96 263.63 1.70 0.74 0.90 0.33 0.89 1.06 -1.97 1.00
Pedestrian 0.0 0 -1.55 294.52 140.79 308.88 255.38 1.90 0.65 0.87 -0.49 0.98 1.00 -1.95 0.99
Pedestrian 0.0 0 0.72 1022.48 154.98 1092.38 361.78 1.70 0.62 0.85 0.53 0.95 0.91 1.30 0.99
Pedestrian 0.0 0 1.22 564.38 150.26 566.75 231.28 1.70 0.64 0.90 -0.11 0.87 0.98 1.17 0.99
Pedestrian 0.0 0 1.23 492.50 145.43 493.27 217.70 1.75 0.62 0.92 -0.22 0.88 1.04 1.07 0.99
Pedestrian 0.0 0 -2.14 665.18 151.24 657.85 196.34 1.71 0.51 0.72 0.02 0.85 0.99 -2.06 0.99
Pedestrian 0.0 0 1.41 532.24 156.92 533.20 229.87 1.75 0.65 0.90 -0.16 0.90 1.01 1.31 0.99
Pedestrian 0.0 0 -2.44 610.83 144.92 599.77 187.11 1.81 0.56 0.85 -0.06 0.88 1.01 -2.44 0.99
Pedestrian 0.0 0 1.19 444.84 142.61 445.42 212.96 1.78 0.69 0.96 -0.29 0.89 1.00 0.97 0.98
Pedestrian 0.0 0 2.58 399.19 155.33 388.86 191.92 1.69 0.67 0.90 -0.35 0.84 0.96 2.29 0.56
Pedestrian 0.0 0 1.28 421.74 149.79 412.23 191.16 1.79 0.67 0.74 -0.34 0.88 1.04 1.02 0.55
