Car 0.0 0 0.41 170.81 185.15 401.74 265.19 1.52 1.66 4.24 -0.46 0.82 0.89 -0.01 1.00
Car 0.0 0 -0.81 1032.30 185.90 1229.05 369.12 1.44 1.58 3.66 0.60 0.86 0.91 -0.18 1.00
Car 0.0 0 -1.72 674.51 186.72 729.93 237.48 1.44 1.57 3.76 0.06 0.77 0.95 -1.59 1.00
Car 0.0 0 -2.45 12.65 199.80 224.29 323.02 1.42 1.58 3.77 -0.66 0.82 0.88 -3.05 1.00
Car 0.0 0 0.26 399.23 180.71 501.92 220.03 1.50 1.62 4.02 -0.27 0.78 0.94 0.04 0.99
Car 0.0 0 -1.68 664.93 183.87 690.32 215.95 1.56 1.57 3.79 0.03 0.81 0.95 -1.59 0.99
Car 0.0 0 0.28 329.15 172.59 468.78 228.31 1.61 1.66 4.05 -0.34 0.84 0.95 -0.00 0.99
Car 0.0 0 -1.64 647.10 180.04 652.69 196.32 1.43 1.58 3.68 -0.01 0.74 0.95 -1.59 0.99
Car 0.0 0 -2.44 14.32 200.93 143.03 370.66 1.47 1.61 4.06 -0.75 0.88 0.94 -3.08 0.97
Car 0.0 0 1.64 565.47 182.90 573.91 200.48 1.38 1.53 3.80 -0.12 0.72 1.01 1.59 0.97
Car 0.0 0 3.11 501.20 180.47 534.48 196.48 1.49 1.70 4.00 -0.18 0.77 0.94 2.98 0.27
