Car 0.0 0 -1.87 757.30 175.74 968.68 339.26 1.59 1.62 3.49 0.24 0.89 0.84 -1.53 1.00
Car 0.0 0 0.75 14.53 186.01 246.72 360.63 1.55 1.59 3.86 -0.60 0.89 0.80 0.17 1.00
Car 0.0 0 -1.69 679.30 184.67 724.25 232.21 1.49 1.62 3.68 0.06 0.79 0.94 -1.56 1.00
Car 0.0 0 0.30 294.99 185.65 446.36 247.03 1.54 1.61 3.79 -0.37 0.83 0.92 -0.02 1.00
Car 0.0 0 0.15 450.08 172.95 522.14 203.42 1.65 1.76 4.28 -0.22 0.85 0.96 -0.02 1.00
Car 0.0 0 0.27 346.16 185.60 474.53 239.33 1.54 1.60 3.77 -0.32 0.83 0.96 0.00 1.00
Car 0.0 0 -0.17 730.79 182.05 824.94 218.13 1.54 1.66 4.22 0.16 0.81 0.94 0.06 1.00
Car 0.0 0 -2.71 182.70 188.32 366.30 260.39 1.52 1.60 3.71 -0.49 0.83 0.93 3.13 1.00
Car 0.0 0 0.56 11.42 180.51 329.49 302.74 1.57 1.60 3.88 -0.59 0.87 0.87 0.01 0.99
Car 0.0 0 -2.97 414.03 178.00 496.26 214.09 1.52 1.60 3.73 -0.26 0.79 0.92 3.10 0.99
Car 0.0 0 -2.63 105.41 178.74 324.10 278.46 1.70 1.57 3.09 -0.55 0.92 0.89 -3.13 0.99
Car 0.0 0 -0.13 688.80 175.62 738.82 201.19 1.68 1.70 4.16 0.08 0.86 0.94 0.01 0.98
Car 0.0 0 -1.72 641.30 181.32 649.21 196.01 1.35 1.64 3.68 -0.01 0.70 0.97 -1.67 0.98
Cyclist 0.0 0 1.62 582.45 178.35 572.85 197.66 1.67 0.62 1.67 -0.11 0.86 1.06 1.57 0.97
