Car 0.0 0 -1.91 779.29 184.57 1017.62 330.49 1.45 1.64 4.05 0.28 0.82 0.84 -1.53 1.00
Car 0.0 0 1.96 249.25 197.21 395.82 283.11 1.49 1.61 4.09 -0.42 0.83 0.91 1.58 1.00
Car 0.0 0 2.21 8.96 208.66 220.46 369.93 1.46 1.60 3.92 -0.66 0.87 0.88 1.61 1.00
Car 0.0 0 -1.80 725.03 178.99 831.88 263.90 1.54 1.61 3.75 0.16 0.83 0.92 -1.57 1.00
Car 0.0 0 1.88 367.50 192.38 445.98 247.54 1.56 1.65 4.04 -0.32 0.84 0.92 1.61 1.00
Car 0.0 0 2.47 1012.56 151.19 1233.43 266.93 1.68 1.65 4.10 0.53 0.88 0.82 3.09 1.00
Car 0.0 0 2.26 1199.94 155.13 1228.64 270.53 1.60 1.64 3.93 0.73 0.85 0.94 2.96 1.00
Car 0.0 0 1.41 689.85 182.16 739.69 227.22 1.47 1.60 4.01 0.06 0.77 0.84 1.56 0.99
Car 0.0 0 1.77 459.08 189.71 496.11 225.84 1.51 1.61 3.90 -0.23 0.80 0.93 1.58 0.99
Car 0.0 0 -1.72 659.95 183.38 680.21 208.59 1.50 1.57 3.74 0.02 0.78 0.93 -1.63 0.99
Car 0.0 0 1.69 510.87 186.04 526.32 206.29 1.44 1.62 3.79 -0.18 0.75 0.98 1.56 0.99
Car 0.0 0 -1.78 673.41 183.23 713.56 218.58 1.47 1.58 3.71 0.05 0.77 0.93 -1.66 0.99
Car 0.0 0 -2.24 570.98 179.17 592.48 190.46 1.47 1.68 3.66 -0.10 0.75 0.98 -2.28 0.98
