Pedestrian 0.0 0 2.44 747.92 172.12 760.82 263.72 1.52 0.38 0.34 0.14 0.82 0.97 2.64 0.99
Pedestrian 0.0 0 2.92 793.48 165.13 825.90 284.49 1.56 0.49 0.50 0.21 0.85 0.98 -3.09 0.99
Pedestrian 0.0 0 0.44 171.91 174.80 208.10 308.07 1.71 0.56 0.94 -0.70 0.96 1.10 -0.08 0.98
Car 0.0 0 -0.81 11.89 204.02 307.20 372.60 1.46 1.68 3.88 -0.62 0.87 0.89 -1.36 1.00
Car 0.0 0 1.83 417.30 185.17 449.62 214.30 1.53 1.62 3.98 -0.29 0.80 0.95 1.59 0.99
Car 0.0 0 -1.56 609.22 176.76 618.97 199.68 1.61 1.66 3.62 -0.05 0.83 0.98 -1.55 0.99
Car 0.0 0 2.23 95.11 200.82 238.35 273.61 1.41 1.51 3.47 -0.64 0.79 0.94 1.68 0.95
Car 0.0 0 1.71 518.14 183.52 519.35 193.42 1.45 1.66 4.16 -0.19 0.75 1.00 1.58 0.56
Cyclist 0.0 0 -2.69 794.90 155.42 947.90 295.12 1.67 0.52 1.68 0.27 0.90 0.91 -2.35 1.00
Cyclist 0.0 0 -3.01 765.73 151.66 870.40 275.06 1.67 0.51 1.54 0.21 0.89 0.94 -2.73 1.00
