Pedestrian 0.0 0 -1.59 656.49 159.50 662.76 239.49 1.75 0.75 0.91 0.02 0.90 0.97 -1.51 0.99
Pedestrian 0.0 0 -1.54 700.21 161.32 707.13 238.05 1.77 0.83 0.92 0.08 0.91 0.99 -1.40 0.99
Pedestrian 0.0 0 2.07 408.78 163.67 465.29 357.63 1.78 0.72 0.95 -0.28 1.00 0.97 1.84 0.99
Pedestrian 0.0 0 1.82 339.41 166.68 406.90 379.10 1.75 0.72 0.87 -0.36 1.00 0.95 1.52 0.99
Pedestrian 0.0 0 -2.46 350.68 165.20 370.62 267.74 1.79 0.70 0.85 -0.41 0.95 1.04 -2.79 0.97
Pedestrian 0.0 0 -1.67 763.18 150.20 764.90 210.94 1.78 0.79 0.89 0.18 0.89 1.06 -1.45 0.97
Pedestrian 0.0 0 -1.56 727.28 165.54 728.08 232.53 1.72 0.79 0.85 0.12 0.89 1.03 -1.38 0.96
Pedestrian 0.0 0 -1.52 644.97 157.71 643.36 218.60 1.78 0.79 0.88 0.00 0.90 1.06 -1.45 0.94
Pedestrian 0.0 0 2.22 491.04 169.00 486.66 215.18 1.70 0.66 0.67 -0.22 0.87 1.01 2.07 0.91
Pedestrian 0.0 0 -1.61 744.27 157.07 746.09 219.77 1.77 0.82 0.90 0.15 0.89 1.01 -1.41 0.91
Pedestrian 0.0 0 2.54 497.89 168.13 494.82 215.74 1.73 0.69 0.83 -0.21 0.88 1.05 2.40 0.89
Car 0.0 0 1.61 574.04 168.55 586.67 192.85 1.51 1.64 4.21 -0.09 0.76 1.06 1.58 0.96
