Car 0.0 0 -1.82 712.16 183.19 837.29 275.89 1.46 1.59 3.73 0.15 0.80 0.93 -1.59 1.00
Car 0.0 0 0.61 3.60 178.86 273.94 295.07 1.56 1.67 4.09 -0.60 0.86 0.82 0.04 1.00
Car 0.0 0 -2.48 16.41 168.66 124.91 338.81 1.64 1.58 3.31 -0.71 0.92 0.87 -3.12 1.00
Car 0.0 0 -0.05 683.70 176.44 744.39 199.30 1.55 1.67 4.23 0.07 0.80 0.93 0.09 1.00
Car 0.0 0 0.44 198.90 163.78 430.44 254.64 1.65 1.67 4.13 -0.43 0.87 0.90 0.05 1.00
Car 0.0 0 -2.64 81.36 173.41 284.44 268.05 1.64 1.52 2.97 -0.61 0.88 0.93 3.11 0.99
Car 0.0 0 -0.19 793.45 180.90 940.09 237.04 1.50 1.59 3.88 0.27 0.80 0.92 0.16 0.99
Car 0.0 0 -1.66 638.52 175.43 645.77 192.08 1.41 1.55 3.66 -0.02 0.72 0.95 -1.61 0.98
Car 0.0 0 -0.23 494.68 171.86 540.79 196.45 1.50 1.57 3.66 -0.17 0.77 0.89 -0.36 0.94
Car 0.0 0 0.36 273.37 146.96 467.52 231.69 1.78 1.67 3.89 -0.38 0.91 0.95 0.04 0.91
Car 0.0 0 0.61 232.66 150.15 437.42 243.84 1.69 1.63 3.77 -0.39 0.88 0.87 0.25 0.86
