Car 0.0 0 -0.65 999.20 188.89 1237.98 350.26 1.48 1.65 3.88 0.59 0.86 0.92 -0.03 1.00
Car 0.0 0 -2.75 143.37 179.66 367.13 269.20 1.54 1.61 3.86 -0.51 0.83 0.91 3.07 1.00
Car 0.0 0 -2.54 8.76 187.72 284.68 302.64 1.51 1.62 3.91 -0.62 0.85 0.87 -3.11 1.00
Car 0.0 0 -1.69 641.40 181.19 666.91 210.74 1.46 1.55 3.72 0.00 0.76 0.98 -1.63 1.00
Car 0.0 0 -2.52 9.21 189.71 205.09 357.39 1.52 1.62 3.95 -0.65 0.88 0.85 -3.13 1.00
Car 0.0 0 0.38 198.10 165.46 407.22 252.29 1.67 1.66 3.89 -0.46 0.88 0.94 -0.02 1.00
Car 0.0 0 3.38 410.15 183.02 498.00 216.59 1.47 1.64 4.04 -0.25 0.77 0.86 -3.12 0.99
Car 0.0 0 -1.62 629.83 178.62 637.69 198.01 1.51 1.63 3.76 -0.03 0.78 0.98 -1.59 0.99
Car 0.0 0 -2.86 376.86 180.41 484.61 220.89 1.43 1.61 4.06 -0.29 0.75 0.91 -3.10 0.99
Car 0.0 0 -0.80 1145.05 190.89 1235.28 372.67 1.44 1.61 3.89 0.71 0.87 0.96 -0.12 0.99
Car 0.0 0 -0.47 856.58 189.06 1060.98 268.26 1.45 1.63 3.90 0.39 0.80 0.94 -0.02 0.99
Car 0.0 0 2.69 793.24 184.13 989.27 256.72 1.55 1.69 4.09 0.29 0.83 0.90 3.06 0.99
Car 0.0 0 -0.34 751.55 181.99 917.91 243.26 1.46 1.63 4.08 0.23 0.78 0.93 -0.04 0.98
Car 0.0 0 -0.33 749.09 176.00 881.15 233.59 1.65 1.66 3.99 0.21 0.87 0.94 -0.05 0.98
Car 0.0 0 -0.46 891.86 193.39 1185.81 296.84 1.43 1.61 4.11 0.49 0.81 0.93 0.08 0.95
Cyclist 0.0 0 1.65 527.18 181.40 524.08 218.90 1.72 0.66 1.70 -0.17 0.90 0.99 1.53 0.98
