Pedestrian 0.0 0 -1.57 656.13 163.77 662.98 243.19 1.76 0.81 0.92 0.02 0.91 0.97 -1.49 1.00
Pedestrian 0.0 0 -1.63 634.84 159.55 637.43 223.87 1.76 0.82 0.86 -0.01 0.89 1.00 -1.58 0.99
Pedestrian 0.0 0 -1.66 695.63 161.46 703.59 244.77 1.78 0.80 0.86 0.08 0.92 1.01 -1.53 0.99
Pedestrian 0.0 0 -2.33 299.38 162.15 318.81 264.07 1.79 0.67 0.88 -0.50 0.94 1.07 -2.71 0.98
Pedestrian 0.0 0 -1.56 724.36 161.34 731.48 237.93 1.72 0.84 0.98 0.12 0.89 0.99 -1.39 0.98
Pedestrian 0.0 0 1.86 460.76 168.71 460.96 222.92 1.76 0.72 0.73 -0.25 0.90 0.98 1.67 0.97
Pedestrian 0.0 0 2.72 483.53 167.46 483.84 223.59 1.78 0.89 1.06 -0.23 0.91 1.04 2.56 0.97
Pedestrian 0.0 0 -1.68 770.26 152.43 772.84 216.94 1.73 0.74 0.78 0.20 0.87 1.07 -1.45 0.96
Pedestrian 0.0 0 1.83 183.95 172.14 321.52 381.27 1.60 0.58 0.62 -0.51 0.92 0.92 1.38 0.96
Pedestrian 0.0 0 1.93 270.78 148.59 347.45 365.79 1.78 0.70 0.93 -0.44 0.99 0.94 1.54 0.95
Pedestrian 0.0 0 -1.84 737.68 158.60 741.34 224.55 1.80 0.80 0.90 0.14 0.92 1.01 -1.64 0.89
Car 0.0 0 1.60 564.84 171.35 578.19 197.40 1.52 1.61 4.11 -0.10 0.77 1.04 1.56 0.99
