Car 0.0 0 -1.83 743.21 183.35 917.73 307.16 1.56 1.66 4.00 0.20 0.86 0.84 -1.53 1.00
Car 0.0 0 -2.57 11.23 152.61 243.12 321.53 1.76 1.61 3.37 -0.64 0.96 0.86 3.13 1.00
Car 0.0 0 0.31 323.95 174.63 455.83 226.59 1.54 1.57 3.88 -0.35 0.81 0.95 0.01 1.00
Car 0.0 0 -1.71 680.66 181.61 730.33 226.34 1.48 1.63 3.90 0.06 0.78 0.89 -1.58 1.00
Car 0.0 0 -2.90 381.69 170.35 487.07 215.34 1.63 1.63 4.02 -0.29 0.84 0.95 -3.14 1.00
Car 0.0 0 -2.69 132.85 169.04 384.81 265.05 1.65 1.66 4.02 -0.49 0.88 0.89 -3.14 1.00
Car 0.0 0 -2.09 849.97 207.78 1235.64 369.53 1.42 1.57 3.67 0.45 0.84 0.84 -1.55 1.00
Car 0.0 0 -2.97 436.54 176.01 512.55 207.56 1.51 1.69 4.10 -0.22 0.78 0.86 3.13 1.00
Car 0.0 0 -1.66 657.12 175.69 683.77 208.01 1.51 1.61 3.89 0.02 0.78 0.96 -1.58 0.99
Car 0.0 0 0.61 57.27 178.81 332.27 286.62 1.52 1.59 3.72 -0.54 0.83 0.83 0.09 0.99
