Car 0.0 0 -1.21 215.17 188.16 412.20 311.26 1.51 1.63 3.91 -0.42 0.83 0.88 -1.60 1.00
Car 0.0 0 -1.03 16.15 191.97 227.15 290.67 1.41 1.57 3.89 -0.66 0.77 0.88 -1.62 1.00
Car 0.0 0 -1.56 585.32 177.01 648.71 249.57 1.59 1.69 3.68 -0.05 0.83 0.95 -1.55 1.00
Car 0.0 0 -1.39 435.80 189.47 486.40 235.42 1.47 1.63 3.89 -0.25 0.77 0.92 -1.60 1.00
Car 0.0 0 -1.28 356.01 187.44 406.50 222.46 1.46 1.60 3.93 -0.38 0.76 1.01 -1.58 1.00
Car 0.0 0 -1.43 490.81 183.81 519.42 216.75 1.50 1.59 3.70 -0.19 0.77 0.93 -1.57 0.99
Car 0.0 0 -1.10 104.48 187.95 209.81 239.08 1.47 1.62 4.05 -0.70 0.78 1.02 -1.66 0.99
Car 0.0 0 -1.15 227.21 184.47 304.69 227.13 1.51 1.61 3.98 -0.56 0.78 1.04 -1.59 0.99
Car 0.0 0 -1.32 658.99 183.29 663.75 195.08 1.38 1.52 3.56 0.02 0.70 1.04 -1.25 0.95
Car 0.0 0 -1.23 415.03 179.58 443.33 199.12 1.50 1.66 4.06 -0.33 0.76 1.10 -1.47 0.65
