Car 0.0 0 0.48 54.23 189.78 358.73 301.13 1.52 1.60 3.79 -0.55 0.85 0.88 -0.03 1.00
Car 0.0 0 -1.73 730.17 190.22 842.00 283.38 1.48 1.60 3.76 0.16 0.82 0.90 -1.49 1.00
Car 0.0 0 0.66 13.68 193.71 272.09 344.82 1.42 1.57 3.69 -0.56 0.82 0.77 0.09 1.00
Car 0.0 0 -0.32 788.82 179.54 960.46 244.91 1.53 1.63 3.87 0.27 0.82 0.90 0.03 1.00
Car 0.0 0 -0.12 706.16 175.65 785.61 210.64 1.59 1.66 4.16 0.12 0.82 0.94 0.07 1.00
Car 0.0 0 -2.87 324.92 181.94 456.09 234.93 1.57 1.61 3.79 -0.34 0.83 0.92 3.12 0.99
Car 0.0 0 0.41 204.35 181.03 416.53 260.80 1.64 1.65 4.06 -0.44 0.88 0.92 0.02 0.99
Car 0.0 0 -1.67 649.68 183.47 657.66 200.75 1.38 1.59 3.61 -0.00 0.72 0.96 -1.61 0.99
Car 0.0 0 -2.77 258.03 179.85 403.10 245.21 1.73 1.55 3.21 -0.41 0.91 0.91 -3.14 0.99
Car 0.0 0 -2.97 388.38 180.50 482.19 220.46 1.56 1.64 4.07 -0.28 0.82 0.90 3.07 0.98
Car 0.0 0 0.19 398.05 172.09 503.13 221.27 1.76 1.77 4.10 -0.26 0.91 0.92 -0.03 0.98
Car 0.0 0 0.47 164.74 181.79 376.80 276.63 1.55 1.55 3.37 -0.49 0.84 0.90 0.03 0.98
Cyclist 0.0 0 1.63 574.30 181.82 564.90 202.28 1.69 0.64 1.74 -0.12 0.87 1.05 1.58 0.98
