Car 0.0 0 -2.62 8.39 175.29 302.26 306.23 1.60 1.59 3.62 -0.61 0.88 0.87 3.11 1.00
Car 0.0 0 -0.32 783.16 180.33 973.18 252.76 1.52 1.66 3.91 0.27 0.81 0.88 0.04 1.00
Car 0.0 0 0.27 360.52 188.37 466.91 227.88 1.48 1.62 4.08 -0.33 0.79 0.98 0.01 1.00
Car 0.0 0 -2.79 212.53 184.54 400.61 257.60 1.51 1.60 3.76 -0.46 0.82 0.94 3.09 1.00
Car 0.0 0 -0.78 1114.98 176.46 1226.14 371.05 1.48 1.58 3.74 0.64 0.87 0.90 -0.12 1.00
Car 0.0 0 -1.69 648.54 184.30 676.07 215.89 1.46 1.57 3.79 0.01 0.77 0.99 -1.61 0.99
Car 0.0 0 0.61 10.34 183.65 251.38 346.73 1.52 1.55 3.79 -0.60 0.86 0.81 0.02 0.99
Car 0.0 0 -2.71 115.38 189.70 354.40 274.93 1.44 1.57 3.87 -0.54 0.80 0.92 3.09 0.99
Car 0.0 0 0.21 449.49 183.00 514.94 208.93 1.57 1.67 4.08 -0.22 0.81 0.92 0.04 0.98
Car 0.0 0 1.60 562.58 179.39 568.36 197.12 1.42 1.58 3.73 -0.12 0.73 0.97 1.53 0.98
Car 0.0 0 0.76 10.62 199.12 156.38 371.63 1.51 1.63 4.02 -0.69 0.89 0.86 0.13 0.97
