Car 0.0 0 -2.48 10.20 187.59 203.04 367.98 1.57 1.67 4.05 -0.63 0.91 0.82 -3.09 1.00
Car 0.0 0 -1.93 767.95 208.85 1029.16 368.53 1.40 1.54 3.69 0.27 0.83 0.81 -1.55 1.00
Car 0.0 0 0.49 9.60 179.65 322.66 326.03 1.71 1.71 4.00 -0.56 0.95 0.81 -0.06 1.00
Car 0.0 0 -1.69 675.43 192.83 711.19 231.74 1.48 1.58 3.70 0.05 0.79 0.94 -1.57 1.00
Car 0.0 0 -2.31 904.28 184.42 1237.61 371.01 1.50 1.59 3.82 0.50 0.88 0.87 -1.74 1.00
Car 0.0 0 -1.79 715.11 193.83 841.66 287.35 1.47 1.62 3.98 0.14 0.82 0.85 -1.56 1.00
Car 0.0 0 -2.77 238.26 186.52 422.68 262.22 1.58 1.63 3.85 -0.41 0.86 0.90 -3.14 1.00
Car 0.0 0 -2.90 413.63 185.62 501.87 222.74 1.56 1.61 4.00 -0.26 0.82 0.94 -3.11 1.00
Car 0.0 0 0.27 364.80 190.32 478.54 234.31 1.48 1.60 3.94 -0.31 0.79 0.94 0.02 1.00
Car 0.0 0 -2.59 95.57 176.26 333.86 281.20 1.70 1.57 3.12 -0.57 0.92 0.92 -3.09 0.99
Car 0.0 0 -1.65 656.31 190.23 676.17 218.02 1.53 1.61 3.87 0.02 0.81 0.99 -1.57 0.99
Car 0.0 0 0.56 187.06 186.84 401.81 271.58 1.54 1.60 3.65 -0.44 0.84 0.86 0.14 0.99
Car 0.0 0 -2.94 462.77 187.85 518.16 213.07 1.48 1.58 3.78 -0.22 0.78 0.95 -3.11 0.70
