Car 0.0 0 -2.59 10.04 191.94 259.23 322.36 1.52 1.64 3.92 -0.62 0.86 0.85 3.12 1.00
Car 0.0 0 -1.74 704.42 191.86 770.17 248.95 1.44 1.58 3.80 0.10 0.78 0.91 -1.56 1.00
Car 0.0 0 2.97 750.44 189.76 837.24 226.25 1.58 1.66 4.07 0.18 0.83 0.92 -3.07 1.00
Car 0.0 0 -2.70 163.00 190.08 378.24 268.26 1.47 1.59 3.91 -0.49 0.80 0.90 -3.14 1.00
Car 0.0 0 -2.04 859.37 190.27 1241.54 372.07 1.50 1.58 3.73 0.46 0.88 0.84 -1.49 1.00
Car 0.0 0 0.30 317.71 182.49 462.47 243.66 1.62 1.61 3.90 -0.35 0.87 0.95 0.00 0.99
Car 0.0 0 0.47 84.93 193.22 359.71 288.76 1.46 1.59 3.93 -0.54 0.82 0.90 -0.02 0.99
Car 0.0 0 0.34 274.80 188.75 434.46 253.29 1.48 1.58 3.65 -0.39 0.80 0.92 0.00 0.99
Car 0.0 0 0.17 416.61 172.47 506.93 212.21 1.77 1.71 4.27 -0.26 0.91 0.99 -0.04 0.99
Car 0.0 0 -1.64 639.05 169.10 660.52 200.01 1.56 1.66 3.79 -0.00 0.79 1.00 -1.58 0.99
Car 0.0 0 -2.97 471.59 184.00 524.12 207.34 1.47 1.60 3.93 -0.20 0.77 0.92 -3.12 0.99
Car 0.0 0 3.22 494.38 181.38 541.99 201.65 1.48 1.78 4.24 -0.17 0.77 0.90 3.09 0.99
Car 0.0 0 -2.88 375.46 187.37 476.66 228.43 1.52 1.61 3.79 -0.30 0.81 0.93 -3.13 0.98
