Car 0.0 0 -2.15 892.59 183.59 1233.20 371.72 1.51 1.57 3.59 0.46 0.88 0.82 -1.59 1.00
Car 0.0 0 2.06 94.50 201.07 318.74 321.38 1.45 1.57 3.86 -0.56 0.84 0.89 1.55 1.00
Car 0.0 0 1.33 730.80 181.23 849.62 267.22 1.44 1.58 3.92 0.14 0.78 0.81 1.57 1.00
Car 0.0 0 1.92 361.29 185.46 450.11 246.49 1.51 1.59 3.88 -0.32 0.81 0.93 1.64 1.00
Car 0.0 0 2.35 9.94 217.44 123.78 368.70 1.42 1.60 3.86 -0.75 0.86 0.92 1.70 1.00
Car 0.0 0 1.70 478.94 180.28 508.85 211.29 1.51 1.64 3.88 -0.21 0.79 0.94 1.54 1.00
Car 0.0 0 -1.73 700.99 181.30 766.72 234.95 1.51 1.65 3.97 0.09 0.80 0.89 -1.56 1.00
Car 0.0 0 -2.68 509.87 175.99 542.11 191.99 1.49 1.61 3.74 -0.17 0.76 0.91 -2.80 0.99
Car 0.0 0 -1.73 673.38 177.66 708.65 214.73 1.51 1.59 3.64 0.05 0.78 0.93 -1.61 0.99
Car 0.0 0 -1.74 666.03 178.67 691.51 207.88 1.50 1.56 3.62 0.04 0.78 1.00 -1.65 0.95
