Car 0.0 0 -1.77 614.17 177.45 652.95 214.59 1.57 1.64 3.85 -0.03 0.81 0.91 -1.74 1.00
Car 0.0 0 1.37 708.30 173.56 832.56 266.60 1.54 1.63 4.11 0.12 0.83 0.82 1.59 1.00
Car 0.0 0 -1.52 424.10 188.11 459.12 228.00 1.45 1.60 3.59 -0.27 0.77 0.92 -1.74 1.00
Car 0.0 0 -1.91 755.16 150.61 1002.49 333.00 1.73 1.68 3.96 0.25 0.94 0.83 -1.55 1.00
Car 0.0 0 -1.72 653.68 179.09 703.31 228.73 1.52 1.59 3.61 0.03 0.80 0.98 -1.63 0.99
Car 0.0 0 -1.79 574.37 180.30 596.41 203.45 1.45 1.65 3.79 -0.09 0.75 0.93 -1.82 0.99
Car 0.0 0 -1.14 8.90 202.32 44.59 263.88 1.46 1.68 3.97 -0.89 0.82 1.03 -1.82 0.96
Car 0.0 0 -1.69 553.67 183.39 562.73 200.04 1.43 1.57 3.63 -0.12 0.74 0.90 -1.76 0.93
Cyclist 0.0 0 1.68 482.13 181.62 481.14 218.24 1.81 0.66 1.83 -0.24 0.94 1.01 1.50 1.00
Cyclist 0.0 0 1.58 503.51 179.10 500.30 213.40 1.80 0.66 1.86 -0.21 0.93 1.01 1.43 0.99
