Car 0.0 0 -1.76 731.86 203.76 816.10 271.00 1.44 1.59 3.85 0.15 0.80 0.91 -1.54 1.00
Car 0.0 0 1.85 214.55 154.63 471.01 367.94 1.92 1.71 4.10 -0.38 1.06 0.86 1.50 1.00
Car 0.0 0 1.73 409.21 194.39 507.83 287.45 1.61 1.60 3.97 -0.26 0.89 0.94 1.53 1.00
Car 0.0 0 -1.83 758.16 208.13 911.61 314.58 1.42 1.59 3.77 0.22 0.82 0.90 -1.53 1.00
Car 0.0 0 -1.71 683.29 197.89 719.72 235.13 1.48 1.57 3.65 0.06 0.80 0.94 -1.58 1.00
Car 0.0 0 -1.73 703.75 199.76 755.45 247.89 1.54 1.63 3.90 0.09 0.83 0.88 -1.56 1.00
Car 0.0 0 1.67 526.85 192.68 557.57 230.74 1.56 1.66 3.95 -0.15 0.83 0.97 1.58 0.99
Car 0.0 0 0.96 884.36 219.34 1233.04 373.50 1.39 1.55 3.87 0.41 0.82 0.75 1.52 0.99
Car 0.0 0 -1.72 672.57 198.47 698.92 227.28 1.48 1.55 3.74 0.05 0.79 1.00 -1.61 0.99
Car 0.0 0 -1.68 622.48 195.74 621.67 204.81 1.40 1.59 3.51 -0.04 0.74 0.95 -1.66 0.68
