Car 0.0 0 -1.77 713.08 178.73 842.97 286.34 1.57 1.63 3.75 0.15 0.86 0.88 -1.54 1.00
Car 0.0 0 -2.70 113.41 188.51 371.87 285.22 1.54 1.59 3.87 -0.52 0.85 0.90 3.11 1.00
Car 0.0 0 0.66 13.72 201.63 215.78 353.07 1.43 1.56 3.64 -0.63 0.84 0.83 0.06 1.00
Car 0.0 0 0.52 35.40 199.68 321.11 313.63 1.48 1.58 3.69 -0.58 0.84 0.86 -0.02 1.00
Car 0.0 0 -1.68 663.01 178.84 700.01 221.24 1.59 1.61 3.81 0.03 0.83 0.92 -1.58 1.00
Car 0.0 0 -1.75 687.72 185.50 757.94 247.02 1.56 1.63 3.91 0.09 0.84 0.93 -1.59 1.00
Car 0.0 0 -1.65 648.52 181.40 658.90 202.85 1.45 1.54 3.52 -0.00 0.75 0.95 -1.59 0.99
Car 0.0 0 -2.93 411.37 177.67 488.53 214.71 1.71 1.66 3.68 -0.26 0.89 0.89 3.14 0.99
Car 0.0 0 -2.77 209.87 192.92 388.16 264.16 1.50 1.56 3.48 -0.46 0.82 0.94 3.11 0.97
Car 0.0 0 0.17 462.51 184.03 517.24 209.94 1.44 1.55 3.72 -0.22 0.75 0.96 0.01 0.97
