Pedestrian 0.0 0 0.85 291.44 146.93 302.75 243.27 1.84 0.67 0.84 -0.51 0.94 1.03 0.44 0.99
Pedestrian 0.0 0 1.09 739.48 142.13 766.71 285.78 1.79 0.61 0.98 0.15 0.95 0.99 1.30 0.99
Pedestrian 0.0 0 1.32 485.81 151.18 492.36 238.00 1.82 0.65 0.95 -0.22 0.93 1.00 1.16 0.99
Pedestrian 0.0 0 1.30 624.92 148.55 635.38 246.96 1.83 0.68 0.99 -0.02 0.94 0.96 1.34 0.99
Pedestrian 0.0 0 1.21 668.87 150.89 694.72 294.20 1.84 0.61 0.98 0.05 0.98 0.97 1.32 0.99
Pedestrian 0.0 0 1.47 466.79 149.69 463.81 214.95 1.80 0.71 0.95 -0.25 0.90 0.97 1.28 0.98
Pedestrian 0.0 0 1.13 590.83 140.60 603.79 247.08 1.85 0.70 1.04 -0.07 0.94 0.97 1.12 0.98
Pedestrian 0.0 0 1.16 570.67 151.91 575.63 236.42 1.73 0.63 0.94 -0.10 0.88 0.99 1.11 0.97
Pedestrian 0.0 0 -2.51 693.84 147.62 693.90 207.78 1.77 0.56 0.87 0.07 0.88 0.99 -2.38 0.97
Pedestrian 0.0 0 1.26 734.72 150.79 740.76 230.37 1.69 0.59 0.94 0.11 0.86 0.91 1.45 0.96
Pedestrian 0.0 0 1.32 536.38 141.96 546.32 238.00 1.80 0.62 0.98 -0.15 0.91 0.98 1.23 0.96
Pedestrian 0.0 0 2.21 1211.58 170.58 1207.32 298.55 1.60 0.53 0.72 0.77 0.88 0.96 2.92 0.95
Pedestrian 0.0 0 1.36 532.45 144.47 534.50 221.31 1.75 0.59 1.06 -0.15 0.88 0.90 1.26 0.95
Pedestrian 0.0 0 1.05 681.86 140.47 697.85 249.22 1.77 0.65 1.00 0.05 0.91 0.92 1.17 0.94
Pedestrian 0.0 0 1.15 499.35 155.84 503.48 240.13 1.67 0.69 0.94 -0.20 0.86 0.97 1.00 0.93
Pedestrian 0.0 0 1.24 545.52 141.97 553.32 237.53 1.78 0.66 0.92 -0.13 0.90 0.94 1.17 0.92
Cyclist 0.0 0 2.61 370.84 161.78 367.04 185.75 1.67 0.66 1.37 -0.39 0.83 1.00 2.29 0.40
Cyclist 0.0 0 2.85 407.39 154.91 404.10 192.44 1.71 0.76 1.03 -0.34 0.84 0.99 2.58 0.24
