Car 0.0 0 -0.99 155.00 201.18 224.10 232.71 1.43 1.61 3.79 -0.65 0.78 1.02 -1.51 1.00
Car 0.0 0 1.78 434.22 192.28 472.83 225.18 1.45 1.61 3.89 -0.28 0.78 1.02 1.57 1.00
Car 0.0 0 1.75 462.68 188.73 494.44 218.67 1.45 1.65 3.98 -0.24 0.77 1.00 1.57 0.99
Car 0.0 0 -1.17 212.43 201.44 270.80 231.65 1.43 1.60 3.86 -0.59 0.78 1.04 -1.64 0.99
Car 0.0 0 2.37 8.32 212.23 157.29 374.47 1.48 1.63 4.00 -0.75 0.90 0.94 1.74 0.99
Car 0.0 0 -1.69 662.78 176.05 691.62 209.49 1.49 1.60 3.80 0.03 0.77 0.98 -1.59 0.99
Car 0.0 0 -1.00 64.52 208.58 132.32 238.60 1.46 1.59 3.84 -0.78 0.80 1.02 -1.61 0.99
Car 0.0 0 -1.00 116.19 205.89 177.64 233.69 1.47 1.63 3.90 -0.77 0.81 1.10 -1.57 0.99
Car 0.0 0 1.78 495.56 183.78 517.62 207.64 1.50 1.63 3.90 -0.20 0.78 0.96 1.63 0.99
Car 0.0 0 1.57 586.06 181.06 578.34 187.27 1.45 1.51 3.63 -0.10 0.74 0.94 1.54 0.50
