Pedestrian 0.0 0 2.89 770.24 162.88 762.00 190.23 1.91 0.57 1.05 0.17 0.96 1.04 3.10 0.93
Car 0.0 0 3.08 439.90 175.08 507.69 201.95 1.54 1.68 4.17 -0.24 0.79 0.94 2.89 1.00
Car 0.0 0 -2.36 988.75 162.61 1030.87 183.71 1.57 1.51 3.51 0.49 0.78 0.99 -1.86 0.99
Car 0.0 0 1.30 711.11 162.42 733.86 189.39 1.63 1.66 4.10 0.09 0.82 0.93 1.46 0.99
Car 0.0 0 -1.94 737.81 166.29 763.40 187.27 1.65 1.72 3.88 0.13 0.83 0.99 -1.74 0.98
Car 0.0 0 -2.09 783.00 167.08 813.84 185.17 1.57 1.63 3.66 0.18 0.79 0.91 -1.84 0.97
Car 0.0 0 -2.22 927.56 162.56 958.01 182.68 1.59 1.61 3.68 0.36 0.80 0.91 -1.79 0.97
Car 0.0 0 -2.21 1062.23 166.89 1102.40 184.69 1.47 1.58 3.92 0.53 0.74 0.90 -1.63 0.95
Car 0.0 0 -2.20 944.28 165.41 981.49 185.85 1.51 1.57 3.47 0.36 0.76 0.86 -1.75 0.94
Car 0.0 0 2.19 68.58 179.99 94.57 196.12 1.45 1.50 3.86 -0.81 0.75 1.02 1.55 0.80
Car 0.0 0 0.65 1121.02 168.13 1164.16 184.28 1.49 1.59 3.90 0.63 0.75 0.93 1.29 0.80
Car 0.0 0 -2.42 1024.95 167.44 1067.77 185.10 1.39 1.46 3.52 0.55 0.70 1.00 -1.87 0.21
