Pedestrian 0.0 0 2.87 789.47 162.87 781.96 189.14 1.86 0.54 1.11 0.19 0.93 1.03 3.11 0.99
Car 0.0 0 1.25 724.92 158.42 752.20 186.71 1.63 1.70 4.24 0.11 0.82 0.94 1.43 0.99
Car 0.0 0 -2.32 1006.90 162.64 1045.99 181.68 1.52 1.50 3.54 0.47 0.76 0.91 -1.80 0.99
Car 0.0 0 3.09 485.74 174.24 551.71 201.42 1.56 1.71 4.14 -0.17 0.80 0.87 2.96 0.99
Car 0.0 0 -2.07 796.11 165.06 832.78 186.78 1.55 1.63 3.68 0.19 0.78 0.88 -1.80 0.99
Car 0.0 0 1.30 940.16 159.06 968.91 184.36 1.51 1.66 4.07 0.38 0.75 0.92 1.75 0.99
Car 0.0 0 -2.07 757.42 166.13 781.61 185.58 1.61 1.64 3.64 0.14 0.81 0.91 -1.86 0.99
Car 0.0 0 -2.44 1072.82 165.10 1130.62 186.75 1.44 1.56 3.88 0.57 0.72 0.92 -1.84 0.82
Car 0.0 0 -2.05 973.39 164.00 998.55 181.38 1.51 1.56 3.52 0.45 0.75 0.97 -1.57 0.79
Car 0.0 0 2.14 107.36 177.61 130.50 191.21 1.42 1.48 3.79 -0.79 0.73 1.07 1.54 0.38
Car 0.0 0 -0.92 13.31 166.79 65.05 203.44 1.57 1.68 3.96 -0.95 0.81 1.12 -1.59 0.36
