Car 0.0 0 -1.88 434.03 193.84 545.35 264.12 1.38 1.57 3.83 -0.21 0.76 0.91 -2.04 1.00
Car 0.0 0 -2.84 500.28 174.31 582.91 210.76 1.62 1.51 3.88 -0.15 0.84 0.97 -2.94 1.00
Car 0.0 0 1.27 962.18 165.38 1090.48 244.25 1.43 1.61 4.12 0.41 0.75 0.81 1.79 1.00
Car 0.0 0 1.76 123.49 190.43 151.85 218.31 1.50 1.62 3.85 -0.72 0.80 1.00 1.18 1.00
Car 0.0 0 1.54 840.86 167.35 923.39 243.02 1.67 1.65 4.11 0.27 0.87 0.88 1.90 1.00
Car 0.0 0 1.70 3.11 204.08 72.60 302.92 1.48 1.59 3.77 -0.76 0.84 0.88 1.03 0.99
Car 0.0 0 -1.72 328.11 186.76 370.46 223.58 1.44 1.63 3.89 -0.41 0.76 0.96 -2.06 0.99
Car 0.0 0 -1.61 284.17 184.84 288.09 199.59 1.47 1.64 3.66 -0.51 0.76 1.00 -2.03 0.98
Car 0.0 0 -1.97 570.35 154.10 875.84 345.45 1.62 1.65 4.17 0.08 0.91 0.92 -1.82 0.93
Car 0.0 0 -1.95 595.13 161.90 891.08 345.53 1.57 1.64 4.06 0.10 0.88 0.89 -1.76 0.92
Car 0.0 0 1.80 204.78 188.27 207.63 197.72 1.48 1.57 3.99 -0.64 0.77 1.04 1.29 0.56
