Car 0.0 0 -1.99 783.24 181.88 1134.14 373.53 1.50 1.58 3.65 0.35 0.87 0.84 -1.54 1.00
Car 0.0 0 -1.75 688.28 184.33 763.45 249.48 1.46 1.58 3.74 0.09 0.79 0.95 -1.59 1.00
Car 0.0 0 -1.26 302.45 202.85 437.05 294.73 1.40 1.58 3.70 -0.36 0.80 0.90 -1.58 1.00
Car 0.0 0 1.70 497.28 185.65 522.51 215.18 1.51 1.64 3.97 -0.20 0.79 1.02 1.57 1.00
Car 0.0 0 -1.39 424.53 183.84 492.66 241.25 1.45 1.60 3.78 -0.26 0.78 0.97 -1.60 1.00
Car 0.0 0 -1.62 659.38 180.22 680.55 211.76 1.57 1.63 3.79 0.02 0.82 0.99 -1.53 1.00
Car 0.0 0 -1.57 640.05 180.12 643.57 196.44 1.44 1.62 3.72 -0.02 0.74 0.98 -1.53 0.99
Car 0.0 0 1.67 529.07 186.38 539.68 205.40 1.44 1.61 3.91 -0.16 0.75 0.99 1.57 0.99
Cyclist 0.0 0 1.60 590.93 180.68 580.45 196.06 1.71 0.65 1.77 -0.10 0.88 1.07 1.57 0.98
Cyclist 0.0 0 1.64 579.09 180.57 568.48 196.40 1.81 0.60 1.96 -0.11 0.93 1.09 1.59 0.97
