Car 0.0 0 -2.39 5.73 196.27 111.27 367.60 1.51 1.62 4.00 -0.74 0.89 0.89 -3.05 1.00
Car 0.0 0 -2.63 44.38 187.23 329.68 294.13 1.49 1.60 3.88 -0.57 0.83 0.87 3.13 1.00
Car 0.0 0 -0.63 1015.65 180.02 1229.94 367.00 1.51 1.64 3.95 0.60 0.89 0.93 -0.02 1.00
Car 0.0 0 -2.85 216.10 182.76 396.97 258.88 1.62 1.63 4.00 -0.44 0.87 0.91 3.03 1.00
Car 0.0 0 -2.53 14.59 197.73 278.98 325.03 1.44 1.61 4.03 -0.62 0.83 0.86 -3.10 1.00
Car 0.0 0 -1.68 643.49 186.57 665.04 213.08 1.46 1.56 3.71 0.00 0.77 0.97 -1.61 0.99
Car 0.0 0 -2.87 392.14 185.03 491.48 224.49 1.47 1.59 3.99 -0.28 0.78 0.96 -3.10 0.99
Car 0.0 0 -0.48 924.86 188.83 1225.33 317.46 1.49 1.62 3.90 0.53 0.85 0.92 0.09 0.99
Car 0.0 0 -0.41 850.60 193.11 1106.29 281.56 1.41 1.64 4.13 0.41 0.79 0.91 0.06 0.99
Car 0.0 0 2.76 776.06 189.22 942.27 251.81 1.53 1.69 4.07 0.26 0.83 0.92 3.09 0.98
Car 0.0 0 -0.38 823.79 189.89 990.68 259.76 1.53 1.60 3.80 0.34 0.83 0.96 0.01 0.98
Car 0.0 0 3.37 426.76 188.12 505.37 219.35 1.46 1.63 3.95 -0.23 0.77 0.87 -3.11 0.98
Car 0.0 0 0.33 248.39 170.57 428.31 248.43 1.77 1.66 4.01 -0.43 0.94 0.97 -0.03 0.98
Car 0.0 0 -0.30 737.06 180.27 868.81 237.60 1.64 1.68 4.08 0.19 0.87 0.94 -0.04 0.97
Car 0.0 0 -1.68 633.85 183.56 641.32 201.37 1.49 1.61 3.62 -0.02 0.77 0.98 -1.64 0.97
Cyclist 0.0 0 1.63 535.69 186.42 531.43 221.47 1.73 0.62 1.71 -0.17 0.91 1.01 1.52 0.99
