Car 0.0 0 1.84 400.02 190.76 517.01 273.96 1.45 1.61 3.95 -0.25 0.80 0.91 1.63 1.00
Car 0.0 0 1.72 554.33 183.50 593.14 224.28 1.51 1.64 4.00 -0.11 0.80 0.93 1.67 1.00
Car 0.0 0 1.79 474.40 173.75 555.42 245.08 1.64 1.60 3.91 -0.18 0.87 0.93 1.66 1.00
Car 0.0 0 -1.69 737.48 179.59 778.85 221.24 1.45 1.57 3.76 0.14 0.76 0.95 -1.49 1.00
Car 0.0 0 -2.44 7.19 186.33 70.11 296.59 1.47 1.57 3.67 -0.81 0.82 0.95 -3.11 0.99
Car 0.0 0 1.68 578.31 182.60 601.19 212.16 1.53 1.66 4.08 -0.09 0.80 0.99 1.65 0.98
Car 0.0 0 -1.68 726.95 178.98 757.21 213.16 1.49 1.57 3.81 0.12 0.78 0.98 -1.49 0.98
Car 0.0 0 -0.45 889.35 146.44 1090.85 215.90 1.58 1.67 4.33 0.43 0.80 0.92 0.04 0.97
Car 0.0 0 1.64 616.65 180.74 618.77 196.55 1.47 1.57 3.77 -0.05 0.76 1.01 1.66 0.57
Cyclist 0.0 0 -2.20 1029.19 201.73 1233.74 369.51 1.54 0.58 1.61 0.64 0.92 0.96 -1.57 0.99
