Car 0.0 0 -0.58 911.96 196.37 1174.07 292.44 1.38 1.63 3.94 0.48 0.78 0.90 -0.03 1.00
Car 0.0 0 -0.23 736.58 181.32 851.79 227.96 1.54 1.66 4.06 0.18 0.81 0.93 0.02 1.00
Car 0.0 0 -0.42 849.65 185.36 1076.27 272.11 1.50 1.62 3.75 0.38 0.82 0.90 0.04 1.00
Car 0.0 0 -2.51 12.81 194.83 297.16 335.43 1.45 1.62 4.08 -0.59 0.83 0.83 -3.08 1.00
Car 0.0 0 -2.40 7.96 193.27 124.68 370.55 1.54 1.66 4.11 -0.73 0.90 0.88 -3.04 1.00
Car 0.0 0 0.47 177.68 184.78 403.33 272.20 1.49 1.59 3.87 -0.45 0.81 0.89 0.05 1.00
Car 0.0 0 -2.80 257.55 173.52 427.83 244.65 1.69 1.64 3.89 -0.42 0.89 0.96 3.13 0.99
Car 0.0 0 0.23 422.36 179.70 503.69 213.34 1.52 1.65 3.94 -0.26 0.79 0.97 0.03 0.99
Car 0.0 0 -1.70 647.86 183.53 666.51 208.81 1.43 1.61 3.63 0.00 0.75 0.95 -1.64 0.99
Car 0.0 0 0.57 53.82 188.81 327.03 294.25 1.43 1.53 3.50 -0.58 0.80 0.89 0.04 0.96
