Car 0.0 0 -2.53 12.32 191.70 233.29 323.10 1.51 1.65 3.94 -0.64 0.86 0.86 -3.13 1.00
Car 0.0 0 -1.72 704.69 189.55 778.45 253.25 1.45 1.59 3.74 0.11 0.79 0.93 -1.54 1.00
Car 0.0 0 -2.90 370.89 183.86 473.70 224.85 1.53 1.63 3.92 -0.30 0.81 0.92 3.13 1.00
Car 0.0 0 0.43 131.26 191.85 368.82 282.49 1.50 1.60 3.72 -0.51 0.83 0.89 -0.03 1.00
Car 0.0 0 -0.21 760.47 178.65 892.17 231.52 1.55 1.64 3.95 0.22 0.82 0.92 0.08 1.00
Car 0.0 0 -2.33 952.58 179.80 1229.90 367.51 1.53 1.63 3.89 0.54 0.89 0.90 -1.75 1.00
Car 0.0 0 -0.14 702.30 177.26 765.85 207.27 1.66 1.69 4.20 0.10 0.86 0.95 0.03 1.00
Car 0.0 0 -2.37 9.97 172.12 107.27 367.83 1.61 1.61 3.76 -0.76 0.93 0.91 -3.02 0.99
Car 0.0 0 -2.98 420.51 182.72 503.94 217.91 1.53 1.66 4.14 -0.24 0.80 0.88 3.10 0.99
Car 0.0 0 0.37 231.24 185.28 422.36 264.56 1.51 1.59 3.62 -0.42 0.82 0.92 -0.00 0.99
Car 0.0 0 0.37 283.03 179.58 458.25 247.20 1.58 1.61 3.89 -0.37 0.84 0.93 0.05 0.99
Car 0.0 0 3.37 313.65 183.00 451.59 234.41 1.54 1.58 3.79 -0.34 0.81 0.89 3.06 0.99
Car 0.0 0 -1.65 646.35 183.23 654.35 201.17 1.48 1.62 3.63 -0.00 0.77 0.99 -1.59 0.97
Car 0.0 0 0.15 424.70 169.18 517.11 216.91 1.99 1.84 4.46 -0.24 1.02 0.95 -0.04 0.96
Cyclist 0.0 0 1.60 579.03 178.46 568.69 198.17 1.74 0.57 1.63 -0.11 0.89 1.04 1.55 0.99
