Car 0.0 0 -1.68 655.87 184.10 683.08 215.98 1.52 1.62 3.82 0.02 0.80 0.94 -1.60 1.00
Car 0.0 0 -2.62 131.63 181.43 336.68 268.36 1.59 1.60 3.43 -0.54 0.86 0.91 -3.10 1.00
Car 0.0 0 0.37 209.17 183.08 411.86 257.74 1.52 1.64 4.00 -0.45 0.82 0.93 -0.02 1.00
Car 0.0 0 0.91 898.89 200.35 1227.21 370.28 1.47 1.58 3.89 0.42 0.85 0.76 1.47 1.00
Car 0.0 0 -2.80 271.55 184.05 437.73 242.43 1.46 1.63 4.09 -0.39 0.78 0.94 3.14 0.99
Car 0.0 0 0.26 380.23 183.36 489.19 226.06 1.50 1.62 3.96 -0.29 0.79 0.93 0.02 0.98
Car 0.0 0 0.22 434.23 173.95 522.90 213.02 1.67 1.71 4.16 -0.23 0.86 0.94 0.04 0.97
Car 0.0 0 -1.71 689.38 172.51 772.35 254.56 1.60 1.62 3.85 0.10 0.86 0.96 -1.54 0.97
Car 0.0 0 0.20 426.82 177.30 515.43 216.95 1.60 1.68 3.86 -0.24 0.83 0.93 0.01 0.97
Car 0.0 0 -1.64 630.66 176.88 635.75 192.18 1.45 1.68 3.88 -0.03 0.74 1.00 -1.61 0.82
