Pedestrian 0.0 0 0.79 848.40 153.82 882.53 298.37 1.84 0.61 1.01 0.30 0.98 0.98 1.14 1.00
Pedestrian 0.0 0 0.95 924.09 145.68 958.86 307.07 1.84 0.63 0.95 0.40 0.99 0.96 1.40 0.99
Pedestrian 0.0 0 1.24 694.75 144.31 725.33 300.49 1.86 0.63 0.97 0.08 0.99 0.93 1.39 0.99
Pedestrian 0.0 0 1.46 509.31 146.96 535.90 290.58 1.82 0.61 0.94 -0.17 0.96 0.96 1.35 0.99
Pedestrian 0.0 0 1.29 493.23 144.89 500.96 234.46 1.81 0.62 0.95 -0.22 0.92 1.03 1.14 0.99
Pedestrian 0.0 0 1.20 648.74 146.53 665.71 265.89 1.83 0.65 0.96 0.01 0.95 0.98 1.28 0.99
Pedestrian 0.0 0 0.66 1017.43 132.86 1129.97 368.68 1.77 0.65 0.94 0.58 0.98 0.96 1.25 0.99
Pedestrian 0.0 0 0.81 268.75 141.51 286.93 262.95 1.88 0.65 0.88 -0.54 0.98 1.04 0.38 0.99
Pedestrian 0.0 0 1.32 582.54 142.83 604.51 277.32 1.84 0.65 0.89 -0.07 0.96 0.94 1.30 0.99
Pedestrian 0.0 0 -2.80 690.65 148.37 679.83 200.01 1.88 0.61 0.84 0.06 0.93 1.03 -2.68 0.99
Pedestrian 0.0 0 1.12 760.75 145.55 794.66 299.65 1.81 0.62 0.97 0.18 0.96 0.98 1.37 0.99
Pedestrian 0.0 0 0.95 932.95 141.41 1062.33 368.07 1.75 0.63 0.81 0.47 0.98 0.94 1.46 0.98
Pedestrian 0.0 0 1.30 606.34 142.30 611.19 230.81 1.77 0.67 0.96 -0.05 0.90 0.99 1.30 0.98
Pedestrian 0.0 0 1.25 626.86 165.82 639.83 270.40 1.81 0.68 0.89 -0.02 0.96 0.97 1.29 0.98
Pedestrian 0.0 0 1.52 572.98 155.00 573.50 226.38 1.72 0.65 0.87 -0.10 0.88 0.91 1.47 0.97
Pedestrian 0.0 0 1.34 543.29 165.27 556.06 273.22 1.74 0.63 0.87 -0.14 0.93 0.99 1.26 0.95
Pedestrian 0.0 0 2.97 969.33 150.02 986.06 257.24 1.75 0.74 0.98 0.52 0.92 1.10 -2.83 0.93
Pedestrian 0.0 0 1.27 658.90 143.88 664.42 228.83 1.76 0.63 0.91 0.02 0.89 0.94 1.35 0.91
