Car 0.0 0 -1.92 741.54 189.32 967.02 333.91 1.45 1.61 3.89 0.23 0.83 0.85 -1.59 1.00
Car 0.0 0 -0.10 696.58 180.12 755.53 203.66 1.52 1.66 4.24 0.09 0.79 0.94 0.06 1.00
Car 0.0 0 -2.47 12.45 167.77 161.72 323.42 1.56 1.62 3.74 -0.71 0.87 0.89 -3.10 1.00
Car 0.0 0 0.47 56.04 176.88 372.48 288.48 1.51 1.66 4.18 -0.54 0.83 0.88 -0.03 1.00
Car 0.0 0 -0.29 842.86 183.39 1049.87 259.06 1.54 1.60 3.88 0.36 0.83 0.90 0.15 0.99
Car 0.0 0 -2.84 309.26 175.22 457.39 225.10 1.40 1.62 4.19 -0.34 0.73 0.90 3.14 0.99
Car 0.0 0 0.44 195.19 142.37 418.17 251.93 1.88 1.69 3.87 -0.45 0.97 0.92 0.04 0.99
Car 0.0 0 0.23 416.75 176.57 509.22 215.81 1.55 1.64 3.98 -0.26 0.80 0.96 0.03 0.99
Car 0.0 0 -0.28 740.20 178.63 823.54 216.39 1.57 1.61 3.90 0.17 0.82 0.96 -0.04 0.98
Car 0.0 0 0.15 488.28 173.96 539.11 195.69 1.54 1.63 4.05 -0.19 0.78 0.96 0.02 0.98
Car 0.0 0 2.96 777.33 182.39 938.90 243.70 1.54 1.68 4.11 0.25 0.82 0.90 -3.00 0.98
Car 0.0 0 -1.67 642.34 176.76 649.64 193.23 1.45 1.62 3.71 -0.01 0.74 1.01 -1.62 0.92
