Car 0.0 0 -1.02 82.74 186.50 264.69 273.66 1.44 1.58 3.73 -0.59 0.78 0.88 -1.56 1.00
Car 0.0 0 -1.30 337.36 182.75 467.20 276.12 1.46 1.64 3.94 -0.32 0.79 0.93 -1.58 1.00
Car 0.0 0 -1.75 706.95 185.76 792.79 258.06 1.41 1.58 3.67 0.13 0.75 0.94 -1.56 1.00
Car 0.0 0 -1.37 441.26 184.28 505.55 233.07 1.46 1.63 4.07 -0.23 0.76 0.90 -1.55 1.00
Car 0.0 0 -1.64 655.87 178.56 673.83 206.75 1.55 1.64 3.85 0.02 0.79 0.99 -1.56 1.00
Car 0.0 0 -1.26 321.75 182.41 387.33 227.87 1.49 1.60 3.82 -0.41 0.77 0.99 -1.60 1.00
Car 0.0 0 -1.57 598.86 179.78 603.40 197.74 1.47 1.66 3.72 -0.07 0.74 0.97 -1.58 0.99
Car 0.0 0 -1.51 530.60 184.38 536.65 200.99 1.44 1.61 3.66 -0.16 0.73 0.97 -1.62 0.99
Car 0.0 0 -1.55 630.77 179.81 628.04 190.23 1.41 1.59 3.65 -0.03 0.71 1.02 -1.52 0.97
Car 0.0 0 -0.69 6.37 214.39 134.26 373.16 1.40 1.56 3.77 -0.82 0.86 1.02 -1.33 0.97
Car 0.0 0 -1.35 404.57 185.81 438.06 215.77 1.42 1.63 3.84 -0.31 0.73 0.96 -1.60 0.96
