Car 0.0 0 -1.82 725.89 186.31 870.04 286.47 1.45 1.61 4.00 0.16 0.80 0.84 -1.57 1.00
Car 0.0 0 -2.56 14.60 194.08 311.04 328.36 1.42 1.59 3.92 -0.57 0.81 0.83 -3.12 1.00
Car 0.0 0 -2.38 13.63 203.06 175.54 369.20 1.46 1.62 4.00 -0.70 0.87 0.89 -3.00 1.00
Car 0.0 0 -1.66 679.10 174.98 716.82 216.89 1.54 1.65 3.67 0.06 0.80 0.95 -1.54 1.00
Car 0.0 0 3.31 451.66 178.08 519.98 206.87 1.55 1.68 4.18 -0.22 0.80 0.95 3.14 1.00
Car 0.0 0 0.29 385.37 183.56 484.01 225.31 1.55 1.59 3.80 -0.30 0.82 0.97 0.05 0.99
Car 0.0 0 0.41 189.34 188.75 376.54 268.45 1.50 1.57 3.52 -0.47 0.82 0.91 -0.02 0.99
Car 0.0 0 -2.93 417.13 179.69 500.10 214.75 1.61 1.64 3.95 -0.26 0.84 0.97 -3.14 0.98
Car 0.0 0 0.59 53.12 186.82 335.34 297.35 1.48 1.54 3.63 -0.60 0.83 0.94 0.07 0.91
Car 0.0 0 -1.57 653.53 164.97 654.63 180.19 1.63 1.69 4.14 0.01 0.82 1.09 -1.51 0.80
