Car 0.0 0 0.64 16.43 187.22 277.46 350.68 1.50 1.58 3.75 -0.57 0.86 0.79 0.07 1.00
Car 0.0 0 -0.34 817.62 180.33 1028.13 261.78 1.55 1.65 3.87 0.32 0.84 0.88 0.06 1.00
Car 0.0 0 -1.81 756.67 192.47 929.29 329.59 1.49 1.58 3.54 0.23 0.86 0.89 -1.50 1.00
Car 0.0 0 -2.72 174.78 181.03 366.72 260.20 1.65 1.61 3.61 -0.48 0.88 0.90 3.13 1.00
Car 0.0 0 -0.23 716.45 176.99 807.90 216.88 1.58 1.66 4.07 0.14 0.82 0.94 -0.02 1.00
Car 0.0 0 -2.80 262.30 184.18 430.91 249.65 1.54 1.60 3.79 -0.40 0.83 0.93 3.13 1.00
Car 0.0 0 -2.94 359.15 182.11 469.48 227.27 1.53 1.62 3.95 -0.31 0.80 0.91 3.07 0.99
Car 0.0 0 0.48 88.65 182.93 380.23 283.23 1.61 1.67 4.21 -0.52 0.88 0.88 -0.00 0.99
Car 0.0 0 3.32 451.35 182.36 513.89 209.90 1.45 1.58 3.91 -0.22 0.76 0.92 -3.13 0.99
Car 0.0 0 -0.27 766.76 182.75 894.60 243.23 1.64 1.60 3.74 0.23 0.87 0.93 0.03 0.99
Car 0.0 0 0.21 369.34 168.33 491.27 226.95 1.88 1.75 4.20 -0.30 0.97 0.95 -0.03 0.96
Car 0.0 0 -1.67 646.34 182.21 660.41 204.25 1.50 1.66 3.76 0.00 0.78 1.01 -1.61 0.96
Car 0.0 0 3.24 473.89 184.24 530.18 207.00 1.48 1.70 3.93 -0.19 0.77 0.88 3.09 0.95
Cyclist 0.0 0 1.67 566.39 183.02 557.22 201.97 1.74 0.63 1.66 -0.13 0.90 1.04 1.60 0.96
