Pedestrian 0.0 0 0.77 814.12 143.89 884.63 365.56 1.81 0.64 1.00 0.28 1.01 0.99 1.10 1.00
Pedestrian 0.0 0 1.43 456.38 147.34 457.90 223.88 1.84 0.68 0.92 -0.26 0.93 0.96 1.22 0.99
Pedestrian 0.0 0 1.35 506.01 145.81 503.90 216.56 1.85 0.64 0.97 -0.21 0.93 1.05 1.21 0.99
Pedestrian 0.0 0 0.82 907.96 146.92 967.22 355.02 1.76 0.61 0.95 0.39 0.98 0.96 1.26 0.99
Pedestrian 0.0 0 1.31 581.34 145.30 589.52 234.39 1.78 0.64 0.92 -0.09 0.90 0.98 1.28 0.99
Pedestrian 0.0 0 1.22 616.28 139.25 626.64 231.68 1.80 0.70 1.01 -0.04 0.91 1.00 1.24 0.98
Pedestrian 0.0 0 0.39 287.41 144.38 300.36 252.31 1.72 0.61 0.68 -0.53 0.89 1.07 -0.02 0.97
Pedestrian 0.0 0 -0.31 701.80 155.80 692.62 199.72 1.75 0.57 0.72 0.08 0.87 1.09 -0.18 0.97
Pedestrian 0.0 0 1.29 543.92 146.15 546.21 224.77 1.81 0.71 0.97 -0.14 0.92 1.00 1.21 0.95
Pedestrian 0.0 0 1.51 482.86 156.05 478.32 216.56 1.78 0.70 0.92 -0.24 0.90 1.00 1.34 0.94
Pedestrian 0.0 0 1.40 535.30 157.88 531.72 221.20 1.77 0.66 0.85 -0.15 0.90 0.93 1.30 0.91
