Car 0.0 0 -1.86 782.08 195.74 958.82 310.88 1.44 1.62 3.88 0.26 0.82 0.87 -1.52 1.00
Car 0.0 0 1.81 474.97 190.59 529.08 235.10 1.50 1.60 3.72 -0.20 0.81 0.97 1.66 1.00
Car 0.0 0 -1.77 743.01 191.61 829.62 264.49 1.54 1.62 3.88 0.16 0.84 0.90 -1.53 1.00
Car 0.0 0 3.25 1026.48 176.57 1234.88 256.57 1.48 1.57 3.84 0.57 0.79 0.88 -2.40 1.00
Car 0.0 0 0.38 235.31 192.25 329.27 226.36 1.55 1.60 4.08 -0.51 0.83 1.00 -0.05 0.99
Car 0.0 0 1.73 552.03 191.89 570.99 215.56 1.45 1.61 3.98 -0.12 0.76 0.94 1.66 0.99
Car 0.0 0 -1.59 701.73 182.90 716.58 210.05 1.52 1.67 3.71 0.08 0.79 0.98 -1.45 0.99
Car 0.0 0 1.77 508.46 191.73 545.35 224.81 1.52 1.63 4.02 -0.17 0.81 0.95 1.66 0.99
Car 0.0 0 3.10 1173.46 178.94 1232.17 262.60 1.47 1.59 3.85 0.68 0.79 0.90 -2.50 0.99
Car 0.0 0 1.79 610.73 189.12 617.37 202.18 1.37 1.51 3.66 -0.05 0.72 0.97 1.79 0.82
