Car 0.0 0 -1.91 811.46 183.31 1097.62 371.58 1.50 1.58 3.53 0.33 0.87 0.82 -1.46 1.00
Car 0.0 0 1.99 114.94 208.68 322.91 321.48 1.40 1.58 3.86 -0.54 0.81 0.89 1.50 1.00
Car 0.0 0 1.77 463.25 190.02 492.48 218.16 1.48 1.61 3.85 -0.24 0.78 0.98 1.59 1.00
Car 0.0 0 -1.15 218.58 197.46 272.59 226.28 1.47 1.59 3.66 -0.54 0.78 0.94 -1.61 1.00
Car 0.0 0 -1.11 182.25 203.14 230.92 228.61 1.43 1.60 3.70 -0.66 0.78 1.06 -1.62 0.99
Car 0.0 0 -1.03 139.20 203.78 185.70 228.27 1.46 1.60 3.76 -0.72 0.79 1.07 -1.59 0.99
Car 0.0 0 -1.12 266.70 198.18 320.37 225.85 1.44 1.56 3.75 -0.49 0.77 0.97 -1.53 0.99
Car 0.0 0 1.74 487.78 188.89 507.43 210.83 1.44 1.61 3.98 -0.21 0.75 0.96 1.58 0.99
Car 0.0 0 -1.67 655.22 177.46 677.60 206.32 1.54 1.61 3.86 0.01 0.79 0.94 -1.59 0.98
Car 0.0 0 -2.80 1190.79 215.07 1229.76 371.84 1.45 1.51 3.74 0.81 0.90 1.04 -2.10 0.97
Car 0.0 0 1.70 511.32 183.34 524.04 202.94 1.49 1.61 3.97 -0.20 0.77 1.06 1.57 0.95
Car 0.0 0 -1.54 616.37 180.00 629.61 195.74 1.47 1.59 3.62 -0.04 0.76 0.90 -1.53 0.88
