Pedestrian 0.0 0 3.29 423.39 171.38 410.06 207.39 1.74 0.56 0.90 -0.33 0.88 1.01 3.03 0.99
Pedestrian 0.0 0 0.21 438.13 165.64 428.71 206.59 1.80 0.71 0.86 -0.32 0.91 1.07 -0.03 0.98
Pedestrian 0.0 0 0.33 532.93 165.51 517.50 199.02 1.86 0.69 0.88 -0.17 0.93 1.01 0.22 0.97
Car 0.0 0 -1.41 476.31 176.56 518.22 218.84 1.36 1.61 3.64 -0.20 0.71 0.95 -1.56 1.00
Car 0.0 0 -0.68 1001.35 148.84 1071.57 175.65 1.56 1.66 4.21 0.54 0.75 0.97 -0.13 1.00
Car 0.0 0 -0.50 924.17 164.50 965.31 182.11 1.53 1.56 3.78 0.38 0.76 0.91 -0.05 0.99
Cyclist 0.0 0 -0.20 796.24 154.52 822.60 192.96 1.77 0.62 1.84 0.25 0.87 1.05 0.08 1.00
Cyclist 0.0 0 -0.24 632.63 163.78 640.73 190.79 1.72 0.62 1.64 -0.01 0.86 1.02 -0.19 1.00
Cyclist 0.0 0 -0.20 737.36 161.28 753.99 194.28 1.74 0.60 1.73 0.14 0.87 1.00 -0.01 0.99
Cyclist 0.0 0 -0.77 325.80 174.36 356.50 220.66 1.70 0.63 1.70 -0.44 0.88 1.03 -1.13 0.99
