Pedestrian 0.0 0 0.83 50.42 162.49 57.69 221.75 1.82 0.60 0.81 -0.87 0.94 1.05 0.18 0.98
Pedestrian 0.0 0 3.00 496.60 163.75 490.49 196.18 1.90 0.49 1.02 -0.21 0.96 0.96 2.85 0.88
Car 0.0 0 -2.01 536.27 163.92 579.22 189.81 1.56 1.67 3.85 -0.13 0.79 0.97 -2.08 1.00
Car 0.0 0 -2.40 756.47 163.63 790.53 181.70 1.54 1.58 3.61 0.16 0.77 0.96 -2.17 1.00
Car 0.0 0 -1.96 490.23 166.70 521.27 192.75 1.57 1.58 3.61 -0.19 0.79 0.91 -2.11 1.00
Car 0.0 0 1.29 450.60 160.01 483.01 191.97 1.61 1.66 4.04 -0.24 0.81 0.91 1.10 0.99
Car 0.0 0 -2.38 819.64 169.26 848.43 182.72 1.46 1.57 3.59 0.21 0.73 0.87 -2.08 0.99
Car 0.0 0 -2.42 788.00 167.15 822.89 184.71 1.51 1.60 3.67 0.18 0.76 0.89 -2.16 0.99
Car 0.0 0 0.39 935.87 163.23 971.12 180.01 1.54 1.58 3.98 0.38 0.77 0.91 0.83 0.99
Car 0.0 0 0.51 962.91 165.55 992.14 178.41 1.44 1.58 3.94 0.40 0.72 0.90 0.98 0.99
Car 0.0 0 0.88 867.32 165.97 903.78 180.24 1.51 1.61 4.22 0.29 0.76 0.92 1.24 0.98
Car 0.0 0 -2.36 845.73 169.93 869.63 181.99 1.43 1.55 3.60 0.25 0.72 0.89 -2.03 0.98
Car 0.0 0 -2.23 713.11 163.93 747.35 182.62 1.49 1.58 3.45 0.10 0.75 0.97 -2.07 0.97
Car 0.0 0 1.93 1011.69 160.13 1032.38 176.52 1.42 1.57 3.78 0.48 0.70 0.95 2.45 0.94
