Car 0.0 0 -1.22 257.13 183.98 353.05 241.33 1.45 1.59 3.79 -0.45 0.76 0.92 -1.61 1.00
Car 0.0 0 -1.02 5.19 196.44 360.00 373.30 1.46 1.65 3.98 -0.59 0.85 0.89 -1.55 1.00
Car 0.0 0 -1.38 409.77 182.98 480.39 242.54 1.45 1.61 3.91 -0.27 0.76 0.91 -1.60 1.00
Car 0.0 0 -1.30 363.87 180.06 408.36 213.80 1.46 1.62 4.04 -0.37 0.75 1.02 -1.59 0.99
Car 0.0 0 -1.68 680.24 185.21 723.76 231.57 1.50 1.61 3.49 0.06 0.78 0.94 -1.55 0.99
Car 0.0 0 -1.57 594.71 180.17 607.89 204.49 1.51 1.61 3.79 -0.07 0.76 0.97 -1.58 0.99
Car 0.0 0 -1.45 492.68 182.66 518.10 212.41 1.44 1.61 3.89 -0.21 0.74 1.05 -1.59 0.99
Car 0.0 0 -1.61 635.28 179.07 639.79 197.80 1.54 1.61 3.75 -0.02 0.77 0.98 -1.57 0.98
Car 0.0 0 -1.45 532.91 183.26 540.83 201.76 1.38 1.58 3.55 -0.15 0.70 0.96 -1.55 0.97
Car 0.0 0 -0.92 10.21 194.25 154.38 314.37 1.43 1.54 3.67 -0.80 0.81 1.01 -1.55 0.97
Car 0.0 0 -1.36 421.11 176.20 453.97 210.44 1.51 1.60 3.79 -0.32 0.77 1.08 -1.59 0.92
