Car 0.0 0 1.74 438.45 182.99 492.98 233.08 1.49 1.64 3.90 -0.25 0.79 0.96 1.54 1.00
Car 0.0 0 -1.74 692.16 181.16 774.97 253.09 1.50 1.60 3.83 0.10 0.81 0.93 -1.57 1.00
Car 0.0 0 -1.86 772.64 189.32 984.90 332.71 1.44 1.59 3.79 0.25 0.82 0.82 -1.51 1.00
Car 0.0 0 0.43 170.30 185.78 321.32 239.61 1.52 1.58 4.00 -0.54 0.82 0.94 -0.03 1.00
Car 0.0 0 2.25 8.27 207.20 245.21 371.33 1.52 1.64 3.90 -0.66 0.90 0.89 1.66 1.00
Car 0.0 0 -1.71 676.95 180.01 725.99 228.53 1.51 1.60 3.78 0.06 0.80 0.94 -1.58 1.00
Car 0.0 0 -2.13 861.57 199.50 1233.00 370.52 1.45 1.58 3.68 0.47 0.86 0.87 -1.59 1.00
Car 0.0 0 1.72 471.24 180.07 510.26 219.73 1.55 1.63 4.08 -0.21 0.81 0.93 1.56 0.99
Car 0.0 0 1.68 505.48 177.42 529.24 208.58 1.59 1.61 4.00 -0.19 0.82 1.02 1.55 0.99
Car 0.0 0 -1.69 661.07 178.85 687.36 208.25 1.46 1.59 3.89 0.03 0.76 1.03 -1.60 0.97
Car 0.0 0 -1.77 542.10 181.70 549.33 194.04 1.36 1.60 3.58 -0.14 0.70 0.91 -1.86 0.96
