Car 0.0 0 -2.60 11.03 184.11 251.59 298.14 1.53 1.65 3.95 -0.64 0.85 0.87 3.10 1.00
Car 0.0 0 -2.40 785.64 178.13 915.82 233.04 1.39 1.53 3.68 0.24 0.73 0.89 -2.08 1.00
Car 0.0 0 -2.64 89.01 185.13 324.28 273.23 1.52 1.60 3.72 -0.56 0.83 0.90 3.14 1.00
Car 0.0 0 -2.80 205.40 177.91 392.23 255.10 1.56 1.61 3.82 -0.45 0.83 0.91 3.08 1.00
Car 0.0 0 -2.82 376.52 181.23 467.40 218.53 1.56 1.63 3.75 -0.30 0.81 0.90 -3.07 0.99
Car 0.0 0 -2.87 307.31 177.74 425.34 231.46 1.63 1.61 3.63 -0.37 0.86 0.93 3.09 0.99
Car 0.0 0 -1.66 626.19 176.93 640.66 200.21 1.49 1.62 3.75 -0.03 0.76 0.98 -1.62 0.99
Car 0.0 0 -1.73 643.31 179.38 671.57 212.05 1.50 1.57 3.64 0.00 0.78 0.91 -1.66 0.98
Car 0.0 0 0.63 473.97 179.62 513.36 197.47 1.46 1.64 4.09 -0.20 0.75 0.89 0.47 0.95
Car 0.0 0 -2.83 354.97 181.28 451.22 218.96 1.52 1.57 3.61 -0.34 0.80 0.97 -3.11 0.52
