Car 0.0 0 1.90 399.51 192.69 468.04 239.04 1.52 1.64 4.02 -0.29 0.82 0.96 1.66 1.00
Car 0.0 0 1.94 283.35 198.66 400.42 267.95 1.45 1.59 3.89 -0.41 0.81 0.95 1.59 1.00
Car 0.0 0 2.05 59.01 209.26 299.00 336.34 1.41 1.56 3.77 -0.59 0.83 0.89 1.52 1.00
Car 0.0 0 2.77 841.12 155.83 978.79 213.30 1.69 1.66 3.82 0.33 0.86 0.93 -3.12 1.00
Car 0.0 0 2.33 9.32 228.32 124.82 373.49 1.43 1.61 3.85 -0.78 0.89 0.96 1.69 1.00
Car 0.0 0 2.51 1018.01 146.90 1234.77 230.87 1.58 1.67 4.03 0.52 0.81 0.81 3.13 1.00
Car 0.0 0 -1.76 702.15 177.22 774.79 241.33 1.53 1.59 3.69 0.11 0.81 0.94 -1.58 1.00
Car 0.0 0 2.66 903.13 149.67 1069.58 219.15 1.65 1.67 3.60 0.42 0.84 0.91 3.14 1.00
Car 0.0 0 -1.72 687.22 177.00 739.52 224.78 1.51 1.62 3.94 0.07 0.79 0.93 -1.58 1.00
Car 0.0 0 2.51 968.57 142.02 1142.51 227.24 1.60 1.64 3.57 0.49 0.82 0.88 3.07 0.98
Car 0.0 0 -1.80 602.71 178.62 608.44 189.88 1.38 1.65 3.65 -0.07 0.71 0.94 -1.80 0.98
Car 0.0 0 1.76 492.37 183.29 518.53 211.35 1.53 1.61 3.98 -0.21 0.80 1.01 1.61 0.98
Car 0.0 0 1.75 528.63 182.92 538.12 200.68 1.45 1.59 4.01 -0.17 0.75 1.00 1.64 0.97
Car 0.0 0 -1.65 674.91 182.32 697.43 210.92 1.49 1.61 3.77 0.05 0.78 1.00 -1.54 0.35
