Car 0.0 0 1.77 489.04 181.60 530.67 218.83 1.47 1.62 3.85 -0.20 0.77 1.00 1.64 1.00
Car 0.0 0 -1.80 748.26 184.46 856.27 266.88 1.48 1.61 3.83 0.19 0.81 0.93 -1.54 1.00
Car 0.0 0 -1.73 722.81 180.09 784.25 236.12 1.56 1.64 3.91 0.12 0.83 0.90 -1.53 1.00
Car 0.0 0 3.29 952.48 169.60 1140.98 231.15 1.49 1.60 4.19 0.50 0.78 0.92 -2.45 1.00
Car 0.0 0 3.22 1065.37 171.63 1227.92 244.62 1.48 1.58 3.75 0.60 0.78 0.88 -2.42 0.99
Car 0.0 0 -1.59 692.81 173.59 702.07 195.64 1.58 1.72 3.83 0.06 0.81 1.00 -1.47 0.99
Car 0.0 0 1.74 516.93 182.15 543.99 210.53 1.54 1.65 4.03 -0.17 0.80 0.97 1.63 0.99
Car 0.0 0 3.11 1143.43 170.55 1238.06 246.36 1.51 1.60 3.85 0.65 0.80 0.88 -2.50 0.99
Car 0.0 0 0.34 263.80 188.40 349.67 219.57 1.53 1.66 4.19 -0.47 0.81 0.98 -0.06 0.98
Car 0.0 0 1.80 609.79 177.77 617.19 190.04 1.38 1.58 4.00 -0.05 0.70 1.00 1.81 0.98
Car 0.0 0 1.69 552.20 183.56 564.21 202.68 1.43 1.58 3.85 -0.13 0.74 1.00 1.61 0.32
