Car 0.0 0 1.97 204.78 201.27 351.03 287.47 1.46 1.57 3.90 -0.48 0.82 0.91 1.54 1.00
Car 0.0 0 -1.73 683.80 182.13 751.93 242.06 1.49 1.62 3.84 0.08 0.79 0.92 -1.58 1.00
Car 0.0 0 1.74 472.33 186.08 498.84 214.39 1.49 1.60 3.89 -0.23 0.78 1.00 1.57 1.00
Car 0.0 0 -1.35 401.51 185.48 457.79 232.32 1.50 1.62 3.92 -0.30 0.80 0.96 -1.60 1.00
Car 0.0 0 2.79 803.80 162.94 945.24 214.88 1.61 1.70 4.31 0.28 0.82 0.93 -3.14 1.00
Car 0.0 0 2.30 9.20 221.95 236.56 373.02 1.46 1.61 3.91 -0.67 0.89 0.91 1.71 1.00
Car 0.0 0 2.70 873.70 147.09 1100.72 238.50 1.62 1.65 3.97 0.40 0.84 0.88 -3.10 0.99
Car 0.0 0 -0.67 1074.89 150.91 1176.61 185.05 1.56 1.72 4.36 0.64 0.77 0.97 -0.05 0.99
Car 0.0 0 2.58 925.87 158.77 1215.99 252.67 1.49 1.79 4.59 0.49 0.79 0.86 -3.14 0.99
Car 0.0 0 -0.68 1125.06 150.31 1224.72 193.73 1.51 1.71 4.27 0.70 0.76 0.96 -0.02 0.98
Car 0.0 0 1.69 517.88 183.64 526.82 201.77 1.43 1.55 3.77 -0.18 0.74 0.99 1.57 0.55
