Car 0.0 0 -2.53 9.12 183.39 228.38 331.40 1.55 1.63 3.90 -0.64 0.88 0.85 -3.12 1.00
Car 0.0 0 -1.81 724.99 196.35 847.28 284.54 1.42 1.58 3.87 0.16 0.79 0.88 -1.57 1.00
Car 0.0 0 -2.84 266.18 181.63 419.80 243.37 1.54 1.58 3.81 -0.40 0.82 0.91 3.09 1.00
Car 0.0 0 2.98 706.50 176.68 808.68 215.59 1.59 1.69 4.39 0.13 0.83 0.91 -3.10 1.00
Car 0.0 0 0.42 161.68 177.55 386.43 271.64 1.64 1.61 3.74 -0.49 0.88 0.91 -0.02 1.00
Car 0.0 0 -2.96 437.79 178.47 509.62 206.05 1.47 1.64 4.26 -0.24 0.76 0.96 3.14 1.00
Car 0.0 0 0.27 360.94 164.62 484.61 220.78 1.73 1.66 3.96 -0.31 0.89 0.95 0.01 1.00
Car 0.0 0 0.48 59.38 191.84 337.61 297.36 1.48 1.58 3.72 -0.57 0.83 0.90 -0.03 0.99
Car 0.0 0 3.00 780.08 189.87 903.51 242.28 1.57 1.60 3.87 0.22 0.84 0.88 -2.97 0.99
Car 0.0 0 -1.66 639.10 165.31 670.90 204.82 1.57 1.61 3.65 0.00 0.80 0.97 -1.60 0.99
Car 0.0 0 3.11 467.66 176.88 528.16 199.28 1.44 1.73 4.42 -0.20 0.74 0.90 2.96 0.98
Car 0.0 0 0.94 13.74 193.69 143.94 369.65 1.49 1.61 4.05 -0.70 0.88 0.87 0.31 0.95
Car 0.0 0 -1.66 632.50 168.97 653.27 198.80 1.60 1.62 3.92 -0.01 0.82 1.02 -1.62 0.65
