Car 0.0 0 -1.80 730.29 178.43 899.43 312.01 1.54 1.62 3.63 0.20 0.86 0.89 -1.53 1.00
Car 0.0 0 -1.78 694.77 185.75 781.38 254.94 1.53 1.63 3.96 0.10 0.83 0.92 -1.60 1.00
Car 0.0 0 0.61 4.37 194.64 257.86 343.74 1.50 1.60 3.81 -0.60 0.86 0.81 0.02 1.00
Car 0.0 0 -2.64 16.96 192.50 332.50 306.10 1.48 1.58 4.03 -0.60 0.84 0.89 3.11 1.00
Car 0.0 0 -1.67 669.62 179.10 709.06 221.55 1.54 1.65 3.80 0.04 0.81 0.92 -1.56 1.00
Car 0.0 0 -2.89 396.10 176.13 480.44 217.10 1.81 1.67 3.54 -0.28 0.94 0.94 -3.12 0.99
Car 0.0 0 -2.71 134.40 193.77 367.23 279.61 1.46 1.58 3.83 -0.52 0.81 0.92 3.12 0.99
Car 0.0 0 -1.65 651.66 181.17 664.74 204.34 1.46 1.56 3.74 0.01 0.76 1.01 -1.58 0.97
Car 0.0 0 0.17 452.86 182.15 518.58 212.62 1.53 1.60 3.88 -0.23 0.80 0.96 0.00 0.95
Car 0.0 0 0.24 375.96 183.07 478.54 226.80 1.50 1.60 3.91 -0.30 0.79 0.97 -0.01 0.95
Car 0.0 0 0.82 10.99 205.64 106.84 372.63 1.50 1.66 4.13 -0.78 0.90 0.94 0.16 0.94
Car 0.0 0 0.14 499.72 177.41 546.16 198.45 1.63 1.73 4.10 -0.17 0.83 0.92 0.02 0.32
Cyclist 0.0 0 1.57 588.63 177.47 575.28 190.91 1.70 0.62 1.71 -0.10 0.86 0.99 1.53 0.32
