Pedestrian 0.0 0 0.25 606.14 162.01 604.21 227.29 1.76 0.72 0.78 -0.06 0.90 1.05 0.25 0.99
Pedestrian 0.0 0 -2.79 284.86 169.92 285.57 242.29 1.72 0.62 0.64 -0.57 0.90 1.12 3.07 0.99
Pedestrian 0.0 0 -2.73 143.11 177.01 147.03 243.88 1.73 0.58 0.96 -0.77 0.91 1.08 2.97 0.99
Pedestrian 0.0 0 0.34 416.12 166.10 411.12 237.92 1.71 0.69 0.58 -0.34 0.89 1.05 0.08 0.99
Pedestrian 0.0 0 -2.77 183.19 178.60 187.94 241.00 1.75 0.52 0.91 -0.67 0.92 1.02 2.98 0.99
Car 0.0 0 -1.28 281.70 180.20 456.29 305.13 1.47 1.62 3.82 -0.36 0.82 0.89 -1.60 1.00
Car 0.0 0 1.67 480.37 174.34 481.70 188.17 1.41 1.60 3.90 -0.23 0.71 0.97 1.50 0.99
Car 0.0 0 -0.54 1088.47 146.92 1195.42 185.85 1.49 1.68 4.12 0.67 0.73 0.96 0.11 0.98
Car 0.0 0 -0.74 1198.39 133.42 1210.75 174.90 1.55 1.74 4.36 0.79 0.74 0.99 -0.03 0.97
Cyclist 0.0 0 -0.70 1146.03 132.21 1191.80 200.93 1.77 0.57 1.76 0.77 0.87 1.04 -0.02 1.00
Cyclist 0.0 0 -0.62 874.53 155.97 889.27 191.56 1.80 0.58 1.77 0.34 0.89 1.03 -0.25 1.00
Cyclist 0.0 0 -0.18 307.68 167.08 367.13 253.66 1.77 0.64 1.73 -0.46 0.93 1.05 -0.54 0.99
Cyclist 0.0 0 -1.23 897.62 151.48 903.77 197.31 1.74 0.58 1.72 0.36 0.86 1.01 -0.83 0.94
