Car 0.0 0 -1.36 412.86 185.74 502.86 256.50 1.43 1.62 3.89 -0.26 0.76 0.94 -1.56 1.00
Car 0.0 0 -1.22 284.57 189.97 375.08 243.60 1.37 1.63 3.83 -0.42 0.73 0.93 -1.59 1.00
Car 0.0 0 -0.96 6.53 183.83 164.11 268.10 1.52 1.60 3.86 -0.74 0.82 0.94 -1.59 1.00
Car 0.0 0 -0.89 15.81 212.55 286.02 373.16 1.39 1.64 3.73 -0.63 0.83 0.90 -1.46 1.00
Car 0.0 0 -1.16 252.54 186.68 317.63 223.41 1.51 1.59 3.91 -0.53 0.79 1.03 -1.58 1.00
Car 0.0 0 -1.45 487.74 184.29 514.24 216.56 1.44 1.55 3.71 -0.20 0.74 0.92 -1.59 0.99
Car 0.0 0 -1.33 387.00 183.43 432.93 218.76 1.43 1.61 4.04 -0.35 0.74 1.05 -1.60 0.99
Car 0.0 0 -1.58 587.94 177.58 607.51 208.66 1.58 1.70 3.97 -0.07 0.80 1.03 -1.59 0.99
Car 0.0 0 -1.28 325.37 180.85 364.92 212.56 1.58 1.62 3.89 -0.44 0.81 1.03 -1.63 0.99
Car 0.0 0 -0.87 6.82 199.32 141.50 316.63 1.36 1.53 3.69 -0.82 0.79 1.03 -1.51 0.84
