Car 0.0 0 -1.85 729.94 174.17 874.55 274.34 1.50 1.61 3.94 0.17 0.81 0.86 -1.59 1.00
Car 0.0 0 1.98 126.38 183.75 390.87 346.72 1.50 1.60 3.85 -0.48 0.86 0.86 1.53 1.00
Car 0.0 0 2.35 9.36 196.42 172.21 374.30 1.54 1.64 3.93 -0.74 0.92 0.94 1.73 1.00
Car 0.0 0 -1.99 799.12 176.94 1190.60 370.69 1.50 1.60 3.87 0.39 0.87 0.83 -1.50 1.00
Car 0.0 0 -1.80 612.29 177.95 631.24 197.81 1.47 1.62 3.71 -0.04 0.76 0.94 -1.79 1.00
Car 0.0 0 -1.69 639.22 177.72 652.37 198.73 1.51 1.62 3.75 -0.01 0.77 0.95 -1.64 0.99
Car 0.0 0 -1.73 506.22 186.61 521.89 204.75 1.41 1.64 3.63 -0.18 0.73 0.91 -1.86 0.98
Car 0.0 0 1.42 659.96 171.64 688.64 206.45 1.59 1.62 4.09 0.02 0.82 0.93 1.51 0.98
Car 0.0 0 -1.70 667.24 169.75 706.06 214.86 1.59 1.59 3.64 0.04 0.82 0.89 -1.60 0.97
Car 0.0 0 -1.77 588.76 180.35 598.82 195.24 1.37 1.52 3.57 -0.08 0.71 0.97 -1.79 0.96
