Car 0.0 0 -2.71 200.40 191.59 412.50 266.18 1.43 1.57 3.87 -0.45 0.79 0.94 -3.11 1.00
Car 0.0 0 0.28 370.04 192.41 490.89 241.59 1.49 1.60 3.88 -0.30 0.80 0.95 0.03 1.00
Car 0.0 0 2.71 830.30 195.22 1102.88 287.88 1.51 1.66 4.22 0.37 0.84 0.86 -3.12 1.00
Car 0.0 0 -0.27 787.07 200.43 921.14 248.47 1.42 1.62 4.09 0.25 0.78 0.92 0.06 1.00
Car 0.0 0 -0.17 710.00 192.66 789.19 226.15 1.50 1.63 4.06 0.12 0.80 0.93 0.02 0.99
Car 0.0 0 0.21 474.38 191.10 530.72 217.24 1.53 1.61 3.78 -0.20 0.81 0.97 0.06 0.99
Car 0.0 0 -2.16 879.62 224.18 1238.80 368.94 1.34 1.53 3.60 0.48 0.82 0.87 -1.61 0.99
Car 0.0 0 -2.83 282.10 194.69 451.27 254.47 1.45 1.59 4.01 -0.38 0.79 0.96 3.13 0.99
Car 0.0 0 -1.67 647.99 193.53 659.55 214.35 1.42 1.57 3.67 -0.00 0.75 0.96 -1.61 0.99
Car 0.0 0 -0.32 766.65 192.51 879.67 241.26 1.58 1.62 3.88 0.22 0.85 0.93 -0.04 0.98
Car 0.0 0 0.65 11.54 118.27 314.64 339.84 2.07 1.78 4.61 -0.58 1.10 0.83 0.10 0.98
Car 0.0 0 -0.66 1001.12 200.20 1228.25 346.37 1.48 1.58 3.79 0.61 0.87 0.95 -0.05 0.96
Car 0.0 0 0.62 14.12 233.84 159.41 367.93 1.42 1.65 4.13 -0.77 0.88 0.97 -0.01 0.96
