Pedestrian 0.0 0 -1.87 244.24 177.45 293.06 359.72 1.73 0.74 0.92 -0.52 0.99 1.00 -2.30 1.00
Pedestrian 0.0 0 -2.27 439.79 167.91 474.76 305.68 1.76 0.75 0.90 -0.27 0.97 1.07 -2.46 1.00
Pedestrian 0.0 0 -1.44 178.04 176.11 215.42 329.78 1.77 0.71 0.88 -0.64 0.99 1.04 -1.95 0.99
Pedestrian 0.0 0 -2.05 354.36 166.05 423.67 372.41 1.74 0.71 0.98 -0.36 0.99 1.01 -2.34 0.99
Pedestrian 0.0 0 1.46 668.93 166.44 667.15 216.88 1.81 0.78 0.97 0.04 0.92 1.02 1.55 0.98
Pedestrian 0.0 0 -1.66 558.80 171.34 552.75 212.79 1.76 0.79 0.89 -0.12 0.90 1.01 -1.72 0.98
Pedestrian 0.0 0 -1.59 546.57 173.99 541.12 216.94 1.72 0.80 0.93 -0.14 0.88 0.96 -1.67 0.98
Pedestrian 0.0 0 -1.89 356.05 160.37 430.14 321.50 1.91 0.73 0.92 -0.35 1.04 0.99 -2.17 0.82
Car 0.0 0 1.83 350.33 182.28 451.34 267.21 1.64 1.68 3.97 -0.32 0.88 0.94 1.56 0.87
Cyclist 0.0 0 1.57 493.84 168.65 498.69 222.77 1.69 0.65 1.78 -0.20 0.87 0.98 1.42 0.98
