Pedestrian 0.0 0 -2.94 189.83 163.17 217.41 277.87 1.80 0.68 0.85 -0.68 0.96 1.12 2.84 1.00
Pedestrian 0.0 0 1.56 238.02 159.54 268.10 289.51 1.81 0.72 0.94 -0.52 0.96 0.96 1.11 1.00
Pedestrian 0.0 0 2.73 794.00 157.82 829.49 297.90 1.79 0.64 0.85 0.25 0.97 1.06 3.02 1.00
Pedestrian 0.0 0 1.72 524.41 162.79 523.53 212.80 1.79 0.72 0.90 -0.17 0.90 1.00 1.61 0.99
Pedestrian 0.0 0 -3.06 1044.23 126.09 1149.49 354.51 1.84 0.69 1.24 0.75 1.02 1.17 -2.46 0.99
Pedestrian 0.0 0 -2.40 52.43 156.74 141.90 363.74 1.78 0.72 0.99 -0.82 1.01 1.08 -3.01 0.99
Pedestrian 0.0 0 -1.23 371.53 169.41 372.28 229.23 1.69 0.66 0.75 -0.38 0.87 1.01 -1.53 0.98
Pedestrian 0.0 0 -2.08 611.18 160.33 614.99 215.27 1.70 0.67 0.85 -0.04 0.86 1.03 -2.06 0.96
Pedestrian 0.0 0 2.46 628.55 161.95 629.04 213.33 1.88 0.70 0.93 -0.02 0.95 1.05 2.50 0.92
Pedestrian 0.0 0 -1.88 754.43 175.71 766.46 255.79 1.63 0.71 0.84 0.16 0.86 0.98 -1.66 0.85
Car 0.0 0 1.85 366.16 148.80 474.51 243.21 1.85 1.70 4.24 -0.29 0.94 0.91 1.60 1.00
Car 0.0 0 1.73 460.13 165.14 500.04 210.70 1.64 1.64 4.04 -0.21 0.83 0.92 1.57 0.99
