Pedestrian 0.0 0 -1.78 345.46 186.60 350.09 259.92 1.77 0.74 0.86 -0.40 0.94 0.96 -2.11 0.99
Pedestrian 0.0 0 3.07 792.40 171.40 824.59 299.80 1.66 0.61 0.79 0.26 0.91 1.09 -2.93 0.99
Pedestrian 0.0 0 -2.60 263.84 173.62 329.11 354.39 1.68 0.65 0.96 -0.51 0.96 1.07 -3.00 0.99
Pedestrian 0.0 0 -2.96 322.91 186.74 333.15 269.39 1.82 0.69 0.83 -0.46 0.98 1.05 2.96 0.99
Pedestrian 0.0 0 1.78 508.68 184.81 507.49 230.36 1.70 0.68 0.82 -0.19 0.89 1.01 1.65 0.98
Pedestrian 0.0 0 -3.04 1029.67 159.01 1107.53 338.09 1.76 0.71 1.12 0.68 0.99 1.13 -2.46 0.98
Pedestrian 0.0 0 -3.03 612.42 178.36 612.99 237.08 1.70 0.73 0.78 -0.04 0.89 1.07 -3.02 0.97
Pedestrian 0.0 0 -1.81 594.95 182.15 596.83 234.92 1.69 0.72 0.87 -0.07 0.88 1.03 -1.82 0.96
Pedestrian 0.0 0 -1.98 719.24 192.34 728.83 263.67 1.54 0.71 0.77 0.11 0.84 1.00 -1.81 0.95
Pedestrian 0.0 0 1.72 301.40 181.98 314.51 267.96 1.65 0.64 0.71 -0.46 0.88 0.97 1.34 0.94
Car 0.0 0 1.78 370.17 171.76 462.61 251.91 1.67 1.69 4.29 -0.29 0.87 0.91 1.53 1.00
Car 0.0 0 2.25 10.97 146.14 310.74 375.85 1.72 1.68 4.19 -0.59 0.96 0.87 1.70 0.99
Car 0.0 0 1.81 451.04 187.79 493.23 227.54 1.45 1.56 3.71 -0.22 0.76 0.92 1.63 0.82
