Car 0.0 0 -2.63 95.24 179.42 365.84 278.56 1.53 1.63 3.98 -0.53 0.83 0.89 -3.12 1.00
Car 0.0 0 -2.83 270.86 173.07 446.08 243.32 1.54 1.61 3.93 -0.38 0.81 0.91 3.12 1.00
Car 0.0 0 -2.92 415.80 176.69 491.60 208.05 1.50 1.60 3.98 -0.27 0.78 0.95 -3.13 1.00
Car 0.0 0 2.28 1048.48 186.44 1228.54 360.14 1.41 1.53 3.67 0.57 0.82 0.85 2.91 1.00
Car 0.0 0 -1.72 651.55 161.22 695.40 207.57 1.58 1.61 3.76 0.02 0.80 0.92 -1.64 1.00
Car 0.0 0 0.19 443.24 177.30 512.53 206.89 1.55 1.69 4.10 -0.22 0.80 0.89 0.01 0.99
Car 0.0 0 1.44 677.23 165.93 752.00 235.95 1.62 1.61 3.86 0.07 0.85 0.90 1.58 0.98
Car 0.0 0 -1.71 699.36 162.85 802.47 262.43 1.64 1.62 3.84 0.12 0.87 0.94 -1.51 0.96
Car 0.0 0 0.44 497.42 168.99 554.26 192.86 1.55 1.68 4.28 -0.16 0.78 0.90 0.32 0.95
Car 0.0 0 -1.65 642.90 175.45 650.11 193.70 1.46 1.59 3.72 -0.01 0.75 0.97 -1.60 0.91
