Car 0.0 0 -2.74 209.78 177.27 412.72 249.11 1.54 1.66 4.06 -0.44 0.82 0.91 -3.13 1.00
Car 0.0 0 -2.56 15.81 190.12 222.32 315.49 1.44 1.59 3.88 -0.62 0.81 0.83 3.13 1.00
Car 0.0 0 3.37 334.28 171.25 470.25 229.21 1.61 1.63 3.95 -0.32 0.84 0.91 3.09 1.00
Car 0.0 0 2.60 900.30 163.48 1233.26 302.97 1.58 1.61 3.96 0.43 0.86 0.77 -3.11 1.00
Car 0.0 0 -1.73 672.76 151.31 764.02 242.31 1.68 1.65 3.90 0.08 0.87 0.93 -1.58 0.99
Car 0.0 0 -1.74 643.77 161.37 688.44 206.86 1.63 1.62 3.80 0.01 0.83 0.92 -1.66 0.99
Car 0.0 0 0.68 5.25 148.43 145.10 318.37 1.77 1.70 4.13 -0.72 0.96 0.89 0.04 0.99
Car 0.0 0 3.31 439.80 174.76 500.37 203.66 1.55 1.63 3.83 -0.25 0.80 0.96 3.12 0.96
Car 0.0 0 0.77 8.66 170.09 149.37 352.79 1.58 1.58 4.00 -0.71 0.90 0.89 0.14 0.95
Car 0.0 0 0.18 458.13 174.97 515.47 202.56 1.53 1.67 3.87 -0.22 0.79 0.94 0.01 0.82
Car 0.0 0 0.49 501.17 170.22 543.14 191.53 1.60 1.69 4.17 -0.17 0.81 0.93 0.37 0.51
