Car 0.0 0 -1.79 704.80 191.64 788.01 256.84 1.46 1.60 3.80 0.12 0.79 0.93 -1.60 1.00
Car 0.0 0 -2.28 930.36 190.61 1235.26 372.89 1.48 1.56 3.64 0.48 0.86 0.83 -1.70 1.00
Car 0.0 0 0.53 8.68 187.57 308.34 308.98 1.57 1.63 3.88 -0.59 0.87 0.84 -0.02 1.00
Car 0.0 0 -2.44 6.72 185.86 166.65 353.88 1.57 1.63 3.82 -0.69 0.90 0.86 -3.07 1.00
Car 0.0 0 -2.63 74.03 181.50 339.73 284.17 1.60 1.60 3.87 -0.56 0.87 0.89 -3.14 1.00
Car 0.0 0 2.96 753.18 187.36 858.13 229.00 1.57 1.67 4.20 0.18 0.83 0.88 -3.06 1.00
Car 0.0 0 0.32 272.36 178.85 436.56 246.47 1.60 1.60 3.78 -0.39 0.85 0.94 -0.02 1.00
Car 0.0 0 -2.95 459.82 180.04 519.94 203.72 1.44 1.58 4.03 -0.21 0.75 0.93 -3.11 0.99
Car 0.0 0 -2.89 345.06 181.40 460.77 228.65 1.56 1.62 3.92 -0.34 0.82 0.96 3.12 0.99
Car 0.0 0 0.26 397.28 165.93 504.31 212.83 1.82 1.68 4.20 -0.28 0.93 0.98 0.05 0.99
Car 0.0 0 0.39 212.27 185.14 409.35 263.55 1.49 1.59 3.69 -0.44 0.81 0.91 -0.01 0.99
Car 0.0 0 -1.61 643.57 172.32 665.90 203.70 1.51 1.65 3.63 -0.00 0.78 0.93 -1.55 0.99
Car 0.0 0 3.21 484.35 177.45 536.04 198.43 1.45 1.72 4.22 -0.19 0.74 0.91 3.07 0.98
Car 0.0 0 -1.62 636.56 168.53 657.45 199.88 1.63 1.68 3.87 -0.01 0.83 1.02 -1.57 0.82
