Pedestrian 0.0 0 -1.24 345.68 172.88 354.20 269.27 1.83 0.48 0.47 -0.43 0.98 1.02 -1.58 1.00
Pedestrian 0.0 0 -1.16 297.78 172.09 316.38 292.88 1.81 0.58 0.57 -0.50 0.99 1.04 -1.56 0.99
Car 0.0 0 -1.73 671.50 182.74 730.86 234.14 1.48 1.63 3.91 0.06 0.78 0.92 -1.60 1.00
Car 0.0 0 -2.04 797.35 191.59 1240.19 371.48 1.46 1.59 3.81 0.42 0.86 0.85 -1.52 1.00
Car 0.0 0 -1.20 137.41 204.51 459.49 373.65 1.40 1.58 3.95 -0.47 0.85 0.94 -1.61 1.00
Car 0.0 0 -1.26 322.35 192.01 474.44 297.63 1.51 1.63 3.77 -0.33 0.85 0.94 -1.54 0.99
Car 0.0 0 -1.52 538.46 181.83 560.23 212.50 1.56 1.65 3.85 -0.15 0.81 1.02 -1.60 0.99
Car 0.0 0 -1.62 636.91 178.31 645.96 199.22 1.53 1.69 3.75 -0.01 0.79 1.02 -1.57 0.98
Car 0.0 0 -0.87 10.66 209.19 300.21 367.64 1.40 1.61 3.75 -0.65 0.85 0.94 -1.43 0.98
Car 0.0 0 -1.68 651.49 183.88 679.72 215.77 1.51 1.64 3.73 0.01 0.79 0.93 -1.60 0.98
