Car 0.0 0 -1.88 754.15 180.35 963.01 318.17 1.47 1.61 3.78 0.24 0.82 0.85 -1.54 1.00
Car 0.0 0 1.83 352.36 179.78 435.31 244.79 1.59 1.63 3.99 -0.34 0.85 0.94 1.54 1.00
Car 0.0 0 2.07 126.59 202.86 334.68 310.35 1.46 1.57 3.98 -0.53 0.83 0.89 1.58 1.00
Car 0.0 0 2.30 12.63 223.50 137.23 370.70 1.40 1.58 3.74 -0.76 0.86 0.95 1.66 1.00
Car 0.0 0 1.79 420.44 181.23 470.59 226.54 1.57 1.63 3.99 -0.27 0.82 0.94 1.57 1.00
Car 0.0 0 1.74 478.27 183.63 502.83 209.16 1.45 1.63 3.96 -0.23 0.76 1.03 1.57 0.99
Car 0.0 0 1.72 525.18 183.96 534.57 199.27 1.41 1.58 3.90 -0.17 0.73 0.98 1.61 0.99
Car 0.0 0 -1.65 648.51 177.69 651.13 191.11 1.40 1.64 3.75 -0.01 0.72 0.97 -1.60 0.98
Car 0.0 0 1.68 558.28 180.20 566.50 196.43 1.46 1.65 3.99 -0.13 0.75 1.00 1.61 0.98
Car 0.0 0 2.97 709.68 169.45 757.06 189.49 1.58 1.72 4.19 0.12 0.80 1.02 -3.14 0.97
