Pedestrian 0.0 0 1.10 657.93 142.37 680.06 268.55 1.80 0.72 1.04 0.04 0.94 1.04 1.20 1.00
Pedestrian 0.0 0 1.17 722.89 150.86 768.51 342.49 1.84 0.65 0.96 0.13 1.01 0.96 1.36 1.00
Pedestrian 0.0 0 1.37 495.09 150.26 507.20 253.28 1.86 0.64 0.89 -0.20 0.96 0.97 1.23 1.00
Pedestrian 0.0 0 1.45 472.41 148.28 473.80 223.28 1.83 0.68 1.00 -0.24 0.93 0.98 1.27 0.99
Pedestrian 0.0 0 1.13 623.98 139.17 642.45 264.53 1.84 0.67 1.02 -0.02 0.95 0.99 1.17 0.99
Pedestrian 0.0 0 2.70 1124.23 179.14 1135.00 266.77 1.66 0.59 0.85 0.70 0.89 1.02 -2.95 0.99
Pedestrian 0.0 0 1.10 814.49 144.62 861.16 332.64 1.78 0.61 0.93 0.25 0.97 0.95 1.41 0.99
Pedestrian 0.0 0 0.96 781.05 143.65 798.91 253.07 1.82 0.62 0.88 0.20 0.93 0.99 1.22 0.99
Pedestrian 0.0 0 0.87 290.34 147.45 303.65 248.57 1.82 0.66 0.84 -0.52 0.94 1.05 0.47 0.99
Pedestrian 0.0 0 1.39 587.52 150.16 598.09 253.99 1.80 0.67 0.90 -0.08 0.93 1.00 1.37 0.98
Pedestrian 0.0 0 -2.81 692.07 150.22 687.10 204.93 1.80 0.61 0.85 0.07 0.90 1.06 -2.69 0.98
Pedestrian 0.0 0 1.36 548.25 146.84 559.08 250.58 1.80 0.59 0.91 -0.13 0.93 0.97 1.29 0.96
Pedestrian 0.0 0 1.19 620.55 143.62 622.17 222.18 1.70 0.60 0.99 -0.04 0.86 0.93 1.22 0.96
Pedestrian 0.0 0 0.97 725.05 144.94 742.59 252.22 1.74 0.63 1.05 0.12 0.90 0.97 1.15 0.95
Pedestrian 0.0 0 1.37 541.65 149.16 541.80 224.55 1.73 0.64 1.00 -0.14 0.88 0.91 1.28 0.95
Pedestrian 0.0 0 1.28 575.91 148.30 570.00 210.63 1.71 0.59 0.91 -0.10 0.85 0.93 1.24 0.94
Pedestrian 0.0 0 1.99 411.29 153.92 397.76 187.46 1.78 0.64 0.73 -0.36 0.88 1.05 1.71 0.48
