Pedestrian 0.0 0 -2.89 404.38 169.15 396.75 218.76 1.80 0.54 1.07 -0.36 0.92 1.04 3.12 0.99
Pedestrian 0.0 0 -2.95 299.18 177.60 293.89 233.79 1.78 0.54 0.97 -0.52 0.93 1.05 2.92 0.99
Pedestrian 0.0 0 0.33 562.85 161.45 559.76 218.62 1.80 0.62 0.90 -0.12 0.92 1.04 0.27 0.98
Pedestrian 0.0 0 0.59 237.29 179.12 236.73 227.15 1.71 0.61 0.87 -0.58 0.89 1.00 0.11 0.98
Pedestrian 0.0 0 0.25 421.88 168.60 413.32 219.53 1.76 0.60 0.71 -0.34 0.90 1.06 -0.01 0.96
Pedestrian 0.0 0 -2.89 315.32 175.60 319.27 229.05 1.75 0.53 0.90 -0.46 0.91 0.98 3.00 0.93
Car 0.0 0 -1.33 397.28 180.26 492.11 255.67 1.43 1.60 3.77 -0.27 0.76 0.90 -1.55 1.00
Car 0.0 0 -0.53 1001.97 160.27 1096.13 186.80 1.53 1.72 4.44 0.54 0.76 0.95 0.03 1.00
Car 0.0 0 -0.66 1106.34 146.22 1208.39 178.20 1.56 1.73 4.40 0.70 0.76 0.97 0.00 0.99
Cyclist 0.0 0 -0.35 913.26 148.47 951.99 199.44 1.70 0.63 1.73 0.44 0.84 1.07 0.08 1.00
Cyclist 0.0 0 -1.28 846.80 151.38 851.57 196.38 1.75 0.63 1.80 0.29 0.87 0.99 -0.95 1.00
Cyclist 0.0 0 -0.59 744.96 160.73 759.61 194.42 1.72 0.67 1.67 0.15 0.86 1.01 -0.38 0.99
Cyclist 0.0 0 -0.30 991.47 147.73 1041.33 201.67 1.70 0.62 1.76 0.53 0.84 1.00 0.23 0.99
Cyclist 0.0 0 -0.33 309.83 175.16 347.84 228.80 1.72 0.60 1.63 -0.44 0.89 0.98 -0.70 0.99
