Car 0.0 0 -2.69 13.19 184.18 296.61 305.56 1.59 1.68 3.95 -0.58 0.88 0.82 3.03 1.00
Car 0.0 0 3.20 435.63 174.80 513.13 209.92 1.59 1.67 4.27 -0.23 0.82 0.90 3.02 1.00
Car 0.0 0 2.82 737.41 173.24 882.46 228.12 1.60 1.69 4.33 0.19 0.83 0.88 3.09 1.00
Car 0.0 0 -1.69 650.46 165.88 689.92 211.27 1.55 1.60 3.70 0.02 0.79 0.97 -1.61 1.00
Car 0.0 0 -2.89 393.84 182.48 482.21 217.03 1.52 1.60 4.00 -0.29 0.80 0.98 -3.12 1.00
Car 0.0 0 -2.11 846.68 198.16 1231.17 372.16 1.46 1.57 3.79 0.43 0.86 0.83 -1.57 1.00
Car 0.0 0 -0.32 826.25 182.95 1012.35 259.35 1.52 1.60 3.70 0.33 0.82 0.91 0.09 1.00
Car 0.0 0 0.37 263.23 168.16 437.03 241.07 1.65 1.66 3.96 -0.40 0.87 0.94 0.02 1.00
Car 0.0 0 -1.64 636.96 169.46 654.38 198.32 1.57 1.58 3.75 -0.01 0.80 0.92 -1.59 0.99
Car 0.0 0 2.73 850.63 188.41 1108.41 278.39 1.51 1.68 4.10 0.41 0.83 0.92 -3.08 0.98
Car 0.0 0 0.81 11.47 204.52 114.86 373.84 1.50 1.62 3.99 -0.80 0.91 0.97 0.16 0.92
