Car 0.0 0 -1.87 787.94 182.29 1009.64 340.28 1.49 1.57 3.52 0.28 0.85 0.85 -1.49 1.00
Car 0.0 0 1.97 165.26 205.42 343.81 309.23 1.43 1.59 3.85 -0.50 0.82 0.90 1.51 1.00
Car 0.0 0 1.72 469.85 190.30 493.68 217.79 1.47 1.60 3.82 -0.23 0.78 0.95 1.54 1.00
Car 0.0 0 -1.17 226.81 196.83 280.03 227.43 1.50 1.59 3.67 -0.55 0.81 0.99 -1.63 1.00
Car 0.0 0 -2.50 1036.79 201.61 1233.10 369.50 1.44 1.60 3.81 0.59 0.86 0.89 -1.87 1.00
Car 0.0 0 -1.17 195.08 203.71 240.57 228.89 1.42 1.56 3.70 -0.63 0.77 1.05 -1.66 0.99
Car 0.0 0 -1.67 656.50 178.51 674.87 205.24 1.52 1.60 3.76 0.01 0.78 0.93 -1.59 0.99
Car 0.0 0 -1.06 275.24 199.71 327.43 225.92 1.42 1.53 3.67 -0.50 0.77 1.03 -1.46 0.99
Car 0.0 0 1.74 493.48 189.42 509.45 210.46 1.44 1.61 4.04 -0.21 0.76 1.00 1.59 0.97
Car 0.0 0 1.66 518.00 186.85 524.81 205.12 1.47 1.53 3.76 -0.18 0.77 0.98 1.54 0.54
Car 0.0 0 1.27 623.81 180.99 630.05 195.00 1.49 1.63 3.84 -0.04 0.77 0.90 1.29 0.20
