Car 0.0 0 -0.62 1007.47 178.97 1229.76 351.64 1.53 1.58 3.67 0.57 0.88 0.89 -0.01 1.00
Car 0.0 0 -0.30 765.08 180.07 935.71 245.80 1.54 1.66 3.95 0.24 0.82 0.90 0.03 1.00
Car 0.0 0 0.73 15.90 190.29 261.05 363.85 1.51 1.59 3.84 -0.59 0.87 0.81 0.15 1.00
Car 0.0 0 0.29 375.79 184.66 477.77 223.94 1.45 1.59 3.87 -0.30 0.77 0.96 0.04 1.00
Car 0.0 0 -2.67 83.50 176.79 354.54 281.13 1.65 1.59 3.79 -0.57 0.90 0.94 3.11 0.99
Car 0.0 0 -2.85 256.73 185.08 420.62 248.22 1.50 1.61 3.89 -0.41 0.81 0.94 3.08 0.99
Car 0.0 0 -0.90 1151.45 199.98 1229.23 371.60 1.42 1.60 3.83 0.71 0.86 0.95 -0.22 0.99
Car 0.0 0 0.56 11.41 188.40 321.73 310.89 1.55 1.57 3.78 -0.60 0.87 0.88 0.01 0.99
Car 0.0 0 -1.68 645.03 184.10 672.23 215.27 1.49 1.59 3.74 0.01 0.78 0.96 -1.61 0.98
Car 0.0 0 -2.74 176.48 187.76 389.07 261.94 1.42 1.57 3.85 -0.49 0.78 0.94 3.12 0.95
Car 0.0 0 1.60 565.78 180.55 566.57 195.92 1.41 1.54 3.58 -0.12 0.73 0.92 1.54 0.75
