Car 0.0 0 -2.17 932.16 189.80 1241.50 372.94 1.50 1.58 3.56 0.49 0.88 0.83 -1.59 1.00
Car 0.0 0 2.21 11.41 215.13 234.93 371.44 1.43 1.59 3.85 -0.68 0.87 0.91 1.61 1.00
Car 0.0 0 -1.02 95.17 204.92 156.97 234.77 1.46 1.59 3.87 -0.77 0.80 1.06 -1.61 1.00
Car 0.0 0 -1.14 141.28 204.13 198.20 235.15 1.47 1.57 3.67 -0.70 0.80 1.04 -1.69 1.00
Car 0.0 0 -1.12 186.85 201.41 241.43 229.96 1.45 1.58 3.61 -0.65 0.79 1.07 -1.62 1.00
Car 0.0 0 1.71 473.28 189.84 499.51 217.32 1.45 1.65 3.99 -0.23 0.77 0.98 1.54 0.99
Car 0.0 0 1.74 445.02 192.30 480.86 223.31 1.43 1.63 3.86 -0.26 0.76 1.00 1.54 0.99
Car 0.0 0 -1.66 661.42 177.05 684.90 207.76 1.48 1.63 3.85 0.03 0.77 0.99 -1.57 0.98
Car 0.0 0 -1.15 239.17 201.32 292.05 229.85 1.41 1.57 3.68 -0.52 0.76 0.97 -1.59 0.98
Car 0.0 0 1.72 503.06 185.04 518.47 206.57 1.48 1.60 3.93 -0.19 0.77 0.97 1.58 0.97
Car 0.0 0 -1.37 624.98 178.13 643.81 197.71 1.48 1.61 3.67 -0.03 0.76 0.90 -1.34 0.63
