Car 0.0 0 -1.86 773.69 191.11 967.12 322.40 1.45 1.59 3.77 0.24 0.82 0.81 -1.51 1.00
Car 0.0 0 -1.79 729.88 181.49 834.66 267.23 1.56 1.62 3.91 0.15 0.84 0.87 -1.55 1.00
Car 0.0 0 -2.92 302.55 185.18 437.25 240.04 1.51 1.59 3.87 -0.38 0.81 0.95 3.04 1.00
Car 0.0 0 0.78 9.43 187.34 236.85 367.63 1.59 1.63 4.05 -0.61 0.91 0.81 0.19 1.00
Car 0.0 0 -2.74 145.56 185.87 379.34 270.98 1.49 1.61 4.01 -0.51 0.82 0.93 3.09 1.00
Car 0.0 0 -1.66 690.43 185.31 721.46 222.46 1.49 1.59 3.63 0.07 0.79 0.95 -1.53 1.00
Car 0.0 0 3.19 514.86 176.75 560.68 198.96 1.54 1.70 4.12 -0.15 0.79 0.92 3.09 0.99
Car 0.0 0 0.30 344.78 183.91 476.64 233.82 1.50 1.61 3.96 -0.33 0.80 0.99 0.03 0.99
Car 0.0 0 0.21 426.80 183.11 513.80 218.37 1.58 1.67 4.16 -0.24 0.83 0.95 0.02 0.99
Car 0.0 0 -2.89 371.43 181.70 481.17 227.86 1.58 1.59 3.79 -0.31 0.83 0.98 -3.14 0.99
Car 0.0 0 -1.59 654.38 173.29 663.88 194.94 1.60 1.65 3.88 0.01 0.81 1.01 -1.52 0.50
