Car 0.0 0 1.85 305.27 195.93 443.78 294.29 1.43 1.58 3.77 -0.36 0.81 0.92 1.54 1.00
Car 0.0 0 2.15 9.85 207.22 331.06 370.74 1.45 1.64 4.00 -0.57 0.86 0.84 1.60 1.00
Car 0.0 0 -1.67 664.04 183.53 699.01 224.34 1.51 1.58 3.57 0.03 0.79 0.93 -1.57 1.00
Car 0.0 0 2.89 753.54 167.15 858.87 208.74 1.62 1.70 4.25 0.18 0.83 0.88 -3.13 1.00
Car 0.0 0 -1.40 439.96 188.52 475.31 221.24 1.42 1.61 3.88 -0.27 0.76 1.00 -1.61 1.00
Car 0.0 0 2.78 796.67 156.28 921.55 213.55 1.75 1.67 3.86 0.27 0.89 0.95 3.11 0.99
Car 0.0 0 1.72 488.97 188.67 507.20 210.46 1.46 1.60 3.78 -0.21 0.77 0.96 1.57 0.99
Car 0.0 0 2.77 812.84 164.53 992.94 221.72 1.49 1.71 4.80 0.30 0.77 0.88 -3.13 0.99
Car 0.0 0 1.84 352.12 193.90 421.27 240.77 1.42 1.59 3.65 -0.35 0.77 0.92 1.54 0.97
Car 0.0 0 2.42 19.77 225.66 57.14 368.14 1.37 1.58 3.84 -0.92 0.87 1.09 1.75 0.94
Car 0.0 0 -0.53 968.36 155.23 1077.72 189.49 1.52 1.67 4.41 0.50 0.76 0.97 -0.01 0.93
Car 0.0 0 -1.73 637.69 180.75 644.70 196.30 1.42 1.64 3.79 -0.02 0.73 1.00 -1.69 0.29
