Car 0.0 0 1.71 472.62 172.87 530.88 236.25 1.66 1.62 4.06 -0.20 0.87 0.95 1.56 1.00
Car 0.0 0 -1.80 728.94 176.36 851.95 274.04 1.52 1.59 3.65 0.17 0.83 0.91 -1.55 1.00
Car 0.0 0 1.84 290.94 196.66 450.14 318.00 1.42 1.53 3.58 -0.36 0.82 0.91 1.52 1.00
Car 0.0 0 -1.97 830.95 191.52 1118.96 363.25 1.46 1.59 3.85 0.38 0.86 0.86 -1.50 1.00
Car 0.0 0 2.19 14.33 217.00 303.66 369.50 1.42 1.59 3.82 -0.62 0.86 0.89 1.63 1.00
Car 0.0 0 -2.35 997.42 206.77 1232.98 372.15 1.48 1.60 3.83 0.59 0.89 0.92 -1.74 0.99
Car 0.0 0 -1.65 678.40 182.94 716.71 224.71 1.52 1.66 3.91 0.05 0.80 0.88 -1.53 0.99
Car 0.0 0 1.66 547.58 177.39 560.53 199.93 1.50 1.62 3.99 -0.14 0.77 1.03 1.58 0.99
Car 0.0 0 1.39 700.31 185.37 761.56 238.80 1.52 1.63 3.97 0.08 0.80 0.85 1.56 0.99
Car 0.0 0 -1.66 656.45 181.00 667.43 202.54 1.52 1.57 3.63 0.01 0.78 0.95 -1.59 0.94
