Car 0.0 0 -1.78 676.20 184.62 807.62 289.05 1.47 1.59 3.63 0.11 0.80 0.89 -1.60 1.00
Car 0.0 0 -1.00 9.59 191.82 267.45 371.90 1.49 1.62 3.76 -0.64 0.86 0.88 -1.58 1.00
Car 0.0 0 -1.30 306.88 190.23 408.84 259.87 1.37 1.60 3.74 -0.38 0.74 0.93 -1.64 1.00
Car 0.0 0 -1.38 397.90 191.23 453.47 234.34 1.38 1.60 3.90 -0.30 0.73 0.94 -1.63 1.00
Car 0.0 0 -1.58 548.50 186.06 574.13 222.66 1.57 1.60 3.74 -0.12 0.81 0.93 -1.65 0.99
Car 0.0 0 -1.21 218.72 183.10 312.47 235.32 1.49 1.61 3.92 -0.52 0.78 0.97 -1.65 0.99
Car 0.0 0 -1.47 474.23 185.92 487.55 208.64 1.51 1.63 3.69 -0.24 0.77 1.02 -1.65 0.98
Car 0.0 0 -1.62 591.89 185.31 594.59 200.97 1.44 1.65 3.73 -0.08 0.73 0.97 -1.64 0.98
Car 0.0 0 -0.90 12.04 179.34 80.17 249.10 1.55 1.68 3.97 -0.83 0.81 0.99 -1.56 0.97
Car 0.0 0 -1.30 327.36 186.15 379.43 224.46 1.41 1.59 3.79 -0.43 0.74 1.04 -1.63 0.97
Car 0.0 0 -1.15 156.31 185.81 256.79 241.36 1.40 1.58 3.72 -0.67 0.74 1.09 -1.66 0.35
