Car 0.0 0 -2.67 113.78 183.83 331.24 273.80 1.65 1.63 3.64 -0.53 0.89 0.87 3.12 1.00
Car 0.0 0 -2.32 762.32 180.77 866.03 228.30 1.42 1.54 3.67 0.20 0.75 0.90 -2.04 1.00
Car 0.0 0 -2.95 390.46 178.98 477.32 214.23 1.50 1.64 4.18 -0.29 0.78 0.95 3.10 1.00
Car 0.0 0 -2.74 194.58 185.67 378.21 255.75 1.52 1.58 3.75 -0.48 0.82 0.92 3.12 1.00
Car 0.0 0 -1.77 635.16 181.45 663.43 210.42 1.51 1.65 3.69 -0.01 0.79 0.93 -1.71 0.99
Car 0.0 0 3.39 275.77 175.41 425.75 241.84 1.64 1.59 3.66 -0.40 0.86 0.93 3.05 0.99
Car 0.0 0 -2.37 8.62 195.43 93.02 376.83 1.52 1.60 3.85 -0.81 0.91 0.96 -3.03 0.98
Car 0.0 0 -2.91 369.77 185.87 452.30 221.79 1.46 1.52 3.49 -0.32 0.77 0.93 3.10 0.71
Car 0.0 0 0.27 467.18 180.48 514.76 203.23 1.54 1.63 4.05 -0.21 0.80 0.89 0.10 0.36
Car 0.0 0 -1.62 624.08 181.16 629.22 197.88 1.47 1.62 3.77 -0.03 0.76 1.06 -1.60 0.26
