Car 0.0 0 -0.76 1040.89 190.43 1236.11 365.43 1.43 1.59 3.78 0.62 0.85 0.92 -0.13 1.00
Car 0.0 0 -2.70 116.91 177.51 352.63 272.18 1.53 1.59 3.70 -0.54 0.83 0.91 3.11 1.00
Car 0.0 0 -2.46 15.70 185.20 245.48 321.56 1.52 1.64 3.86 -0.63 0.86 0.85 -3.05 1.00
Car 0.0 0 -2.45 8.76 196.40 148.34 367.42 1.51 1.64 4.06 -0.70 0.89 0.87 -3.09 1.00
Car 0.0 0 0.38 175.62 165.21 396.47 253.09 1.68 1.65 4.00 -0.47 0.89 0.92 -0.04 1.00
Car 0.0 0 -0.65 911.87 192.22 1214.49 313.96 1.44 1.61 3.91 0.51 0.82 0.90 -0.08 1.00
Car 0.0 0 -2.90 401.24 182.82 491.36 217.12 1.43 1.62 4.04 -0.26 0.75 0.88 -3.13 0.99
Car 0.0 0 -0.64 874.87 191.33 1082.37 274.88 1.45 1.63 3.96 0.41 0.80 0.92 -0.17 0.99
Car 0.0 0 2.67 805.96 185.31 1008.26 263.23 1.57 1.67 4.03 0.30 0.85 0.88 3.06 0.99
Car 0.0 0 -1.69 641.57 181.89 666.69 211.16 1.42 1.55 3.70 0.00 0.74 1.00 -1.63 0.99
Car 0.0 0 -2.85 364.80 179.85 473.16 222.17 1.44 1.57 3.86 -0.31 0.76 0.95 -3.11 0.99
Car 0.0 0 -0.40 758.45 184.12 935.08 248.77 1.45 1.62 4.01 0.25 0.78 0.94 -0.08 0.98
Car 0.0 0 -1.64 630.44 178.85 638.14 197.98 1.53 1.62 3.77 -0.03 0.79 0.96 -1.60 0.97
Car 0.0 0 -0.36 754.68 176.20 883.15 233.56 1.63 1.64 3.86 0.21 0.86 0.94 -0.07 0.96
Cyclist 0.0 0 1.69 517.01 183.19 519.38 224.77 1.70 0.62 1.66 -0.18 0.89 0.98 1.57 0.95
