Pedestrian 0.0 0 -1.23 410.34 168.19 410.70 241.67 1.82 0.36 0.37 -0.34 0.96 1.03 -1.50 0.99
Pedestrian 0.0 0 -1.23 390.16 169.88 390.54 248.64 1.77 0.36 0.29 -0.37 0.94 1.03 -1.52 0.98
Car 0.0 0 -1.86 735.99 182.03 941.25 324.04 1.50 1.60 3.77 0.20 0.84 0.80 -1.56 1.00
Car 0.0 0 -1.68 672.92 175.76 713.65 218.26 1.49 1.63 3.80 0.06 0.78 0.99 -1.57 1.00
Car 0.0 0 -2.12 829.16 164.19 1224.77 366.64 1.56 1.60 3.72 0.42 0.89 0.83 -1.60 1.00
Car 0.0 0 -1.19 57.03 188.44 444.13 374.17 1.49 1.65 4.19 -0.50 0.88 0.88 -1.65 1.00
Car 0.0 0 -1.64 656.24 174.42 675.46 201.70 1.51 1.61 3.80 0.02 0.78 0.96 -1.56 1.00
Car 0.0 0 -1.25 347.63 184.90 513.26 296.57 1.54 1.66 3.99 -0.29 0.86 0.92 -1.50 1.00
Car 0.0 0 -1.53 553.34 174.43 571.36 201.75 1.56 1.63 3.82 -0.13 0.80 1.03 -1.59 0.99
Car 0.0 0 -1.60 643.41 170.87 648.74 189.88 1.53 1.60 3.70 -0.01 0.78 1.01 -1.55 0.99
