Car 0.0 0 -1.89 750.50 196.62 983.04 350.05 1.45 1.60 3.72 0.24 0.84 0.84 -1.55 1.00
Car 0.0 0 0.76 11.65 189.70 201.57 365.43 1.60 1.64 4.06 -0.64 0.92 0.82 0.15 1.00
Car 0.0 0 -2.74 64.94 173.57 364.83 291.74 1.64 1.64 3.98 -0.55 0.90 0.89 3.04 1.00
Car 0.0 0 -1.72 679.94 182.26 746.80 244.23 1.50 1.59 3.78 0.08 0.81 0.94 -1.57 1.00
Car 0.0 0 -1.71 667.76 187.06 711.13 229.19 1.49 1.60 3.85 0.05 0.79 0.95 -1.60 1.00
Car 0.0 0 -2.82 311.38 185.46 445.11 239.84 1.52 1.57 3.77 -0.36 0.81 0.94 -3.13 1.00
Car 0.0 0 -2.97 443.53 179.73 511.45 213.23 1.66 1.61 3.71 -0.23 0.86 0.93 3.13 0.99
Car 0.0 0 -1.64 653.29 179.74 677.30 213.47 1.54 1.62 3.79 0.02 0.80 0.97 -1.56 0.99
Car 0.0 0 0.41 206.95 192.55 390.08 264.56 1.47 1.58 3.59 -0.46 0.81 0.91 0.00 0.98
Car 0.0 0 0.29 289.20 191.58 437.28 249.47 1.44 1.58 3.74 -0.38 0.78 0.93 -0.04 0.97
