Car 0.0 0 -1.97 839.12 189.27 1213.86 373.47 1.50 1.62 3.79 0.43 0.88 0.84 -1.45 1.00
Car 0.0 0 2.06 54.54 212.01 295.08 341.88 1.39 1.54 3.75 -0.59 0.82 0.87 1.52 1.00
Car 0.0 0 -1.12 166.87 201.79 220.46 230.37 1.43 1.55 3.61 -0.66 0.78 1.04 -1.65 1.00
Car 0.0 0 -1.05 119.79 203.87 180.73 235.52 1.47 1.58 3.71 -0.72 0.80 1.03 -1.62 1.00
Car 0.0 0 -1.08 205.77 197.90 263.58 226.05 1.42 1.57 3.72 -0.61 0.77 1.06 -1.56 0.99
Car 0.0 0 1.78 457.43 190.18 490.31 219.93 1.45 1.62 3.82 -0.26 0.77 1.04 1.59 0.99
Car 0.0 0 1.74 482.63 188.66 504.48 212.53 1.46 1.63 4.03 -0.22 0.77 0.98 1.58 0.99
Car 0.0 0 -1.68 658.94 177.50 679.77 206.41 1.52 1.60 3.71 0.02 0.78 0.94 -1.60 0.99
Car 0.0 0 -1.58 619.13 180.31 632.50 195.65 1.43 1.69 3.77 -0.04 0.74 0.91 -1.56 0.99
Car 0.0 0 1.73 511.32 185.82 523.65 205.70 1.41 1.57 3.89 -0.18 0.73 0.95 1.60 0.98
Car 0.0 0 -1.17 259.12 197.35 305.23 221.59 1.41 1.59 3.82 -0.57 0.76 1.12 -1.60 0.96
