Car 0.0 0 0.58 2.41 171.48 331.25 309.90 1.72 1.73 4.28 -0.58 0.94 0.84 0.03 1.00
Car 0.0 0 0.74 15.86 174.66 237.86 348.21 1.65 1.61 3.79 -0.60 0.92 0.80 0.15 1.00
Car 0.0 0 -1.86 786.68 187.56 1042.09 368.20 1.51 1.59 3.57 0.31 0.88 0.87 -1.46 1.00
Car 0.0 0 -0.45 845.86 180.28 1104.00 277.12 1.57 1.67 4.01 0.39 0.86 0.88 0.01 1.00
Car 0.0 0 -2.95 327.08 175.10 454.74 226.51 1.55 1.63 4.18 -0.34 0.81 0.93 3.04 1.00
Car 0.0 0 -2.77 201.10 182.43 404.72 258.74 1.51 1.61 3.92 -0.45 0.81 0.92 3.11 0.99
Car 0.0 0 -2.80 250.47 176.66 418.35 240.43 1.54 1.62 3.84 -0.42 0.82 0.94 3.12 0.99
Car 0.0 0 3.35 440.82 177.35 507.36 206.31 1.47 1.60 3.85 -0.23 0.76 0.89 -3.12 0.99
Car 0.0 0 -2.64 108.93 177.26 328.53 265.04 1.61 1.58 3.41 -0.56 0.87 0.92 -3.14 0.99
Car 0.0 0 -0.22 719.42 174.92 822.71 218.43 1.56 1.67 4.13 0.15 0.81 0.92 -0.00 0.99
Car 0.0 0 -1.67 645.98 180.73 661.88 202.66 1.43 1.54 3.75 -0.00 0.74 0.95 -1.61 0.99
Car 0.0 0 0.79 9.18 193.82 173.54 369.31 1.52 1.60 3.86 -0.66 0.88 0.84 0.16 0.98
Car 0.0 0 2.80 744.64 180.86 861.83 227.19 1.60 1.73 4.14 0.18 0.84 0.90 3.06 0.98
Car 0.0 0 -0.31 812.59 181.99 1000.74 260.97 1.53 1.60 3.77 0.32 0.83 0.91 0.08 0.95
Car 0.0 0 0.24 346.92 164.03 474.07 223.20 1.85 1.75 4.13 -0.33 0.95 0.96 -0.03 0.95
Car 0.0 0 3.35 463.61 179.34 524.03 204.26 1.45 1.63 3.87 -0.20 0.75 0.88 -3.09 0.94
Car 0.0 0 -0.29 787.15 182.06 906.14 237.26 1.61 1.58 3.75 0.26 0.85 0.96 0.03 0.90
Cyclist 0.0 0 1.58 556.94 178.81 551.25 205.15 1.73 0.59 1.74 -0.13 0.89 0.95 1.50 0.93
