Pedestrian 0.0 0 0.80 546.95 167.24 536.73 211.80 1.82 0.66 0.81 -0.15 0.92 1.00 0.72 0.96
Pedestrian 0.0 0 0.58 266.67 177.03 263.83 221.16 1.66 0.59 0.91 -0.56 0.86 1.03 0.13 0.95
Pedestrian 0.0 0 -2.89 443.13 171.96 431.56 209.00 1.76 0.52 0.80 -0.31 0.89 1.05 -3.12 0.94
Pedestrian 0.0 0 -2.91 364.29 170.31 357.81 218.43 1.75 0.64 0.88 -0.43 0.90 1.06 3.04 0.94
Pedestrian 0.0 0 0.21 427.93 166.20 416.81 213.57 1.85 0.75 0.83 -0.34 0.94 1.09 -0.04 0.94
Pedestrian 0.0 0 3.22 357.53 171.41 350.18 224.37 1.78 0.67 0.89 -0.43 0.92 1.04 2.88 0.93
Car 0.0 0 -1.39 436.05 178.26 502.34 233.82 1.38 1.61 3.71 -0.24 0.73 0.92 -1.58 1.00
Car 0.0 0 -0.50 972.95 163.16 1037.24 183.89 1.53 1.70 4.27 0.48 0.76 0.95 0.02 1.00
Car 0.0 0 -0.66 1063.12 147.42 1153.66 178.19 1.54 1.74 4.33 0.64 0.75 0.98 -0.04 0.99
Cyclist 0.0 0 -0.47 696.25 163.92 705.09 191.15 1.78 0.59 1.69 0.08 0.89 0.99 -0.33 1.00
Cyclist 0.0 0 -0.31 902.43 149.34 932.55 198.09 1.75 0.62 1.80 0.42 0.87 1.08 0.11 1.00
Cyclist 0.0 0 -0.39 310.50 176.54 347.58 226.22 1.82 0.70 1.75 -0.48 0.94 1.08 -0.76 1.00
Cyclist 0.0 0 -0.16 831.36 152.07 865.06 197.04 1.74 0.62 1.74 0.29 0.87 1.01 0.17 1.00
