Car 0.0 0 2.10 13.25 206.95 272.39 347.71 1.45 1.55 3.71 -0.62 0.85 0.86 1.53 1.00
Car 0.0 0 1.83 392.55 182.73 458.36 234.13 1.53 1.61 3.85 -0.31 0.81 0.96 1.58 1.00
Car 0.0 0 -1.80 726.74 180.40 854.36 276.96 1.50 1.60 3.78 0.17 0.82 0.90 -1.56 1.00
Car 0.0 0 1.97 251.16 197.95 385.14 275.64 1.45 1.57 3.89 -0.43 0.81 0.91 1.59 1.00
Car 0.0 0 1.79 445.14 182.11 486.33 220.06 1.53 1.62 3.87 -0.26 0.80 0.99 1.59 1.00
Car 0.0 0 1.65 534.31 184.27 540.75 199.77 1.44 1.60 4.02 -0.16 0.75 0.98 1.55 0.99
Car 0.0 0 2.97 702.88 171.03 748.17 189.84 1.47 1.70 4.31 0.10 0.75 0.97 3.12 0.99
Car 0.0 0 1.70 567.16 182.50 572.50 195.05 1.44 1.64 4.04 -0.12 0.75 1.03 1.64 0.97
Car 0.0 0 -1.63 649.02 178.81 650.45 190.72 1.39 1.65 3.70 -0.00 0.71 0.99 -1.57 0.97
Car 0.0 0 1.75 493.42 187.22 510.55 207.10 1.45 1.61 3.97 -0.22 0.76 1.04 1.60 0.96
