Car 0.0 0 1.92 243.30 194.05 409.31 296.27 1.43 1.61 3.86 -0.42 0.80 0.91 1.55 1.00
Car 0.0 0 1.83 378.83 189.93 466.86 252.12 1.47 1.61 3.92 -0.30 0.79 0.91 1.58 1.00
Car 0.0 0 -1.99 859.76 191.39 1217.08 372.14 1.47 1.60 3.80 0.43 0.86 0.82 -1.46 1.00
Car 0.0 0 -1.81 771.18 181.63 906.50 283.48 1.53 1.60 3.78 0.21 0.84 0.85 -1.51 1.00
Car 0.0 0 1.77 442.23 188.13 497.12 236.00 1.47 1.62 3.94 -0.24 0.78 0.94 1.58 1.00
Car 0.0 0 -1.77 726.27 179.86 806.90 246.55 1.52 1.60 3.83 0.14 0.81 0.94 -1.55 1.00
Car 0.0 0 -1.71 710.87 179.78 764.94 229.34 1.49 1.60 3.81 0.10 0.79 0.90 -1.53 0.99
Car 0.0 0 -2.49 1188.55 197.98 1232.96 372.38 1.49 1.57 3.65 0.74 0.90 0.96 -1.79 0.99
Car 0.0 0 1.73 527.56 182.93 549.33 208.22 1.45 1.59 3.74 -0.16 0.75 0.97 1.63 0.98
Car 0.0 0 0.06 573.16 178.16 591.38 189.92 1.47 1.64 3.99 -0.10 0.75 0.94 0.02 0.97
Car 0.0 0 -1.69 704.87 177.59 739.46 217.51 1.55 1.57 3.60 0.10 0.81 1.00 -1.54 0.97
