Car 0.0 0 0.61 11.89 157.50 250.16 325.08 1.79 1.73 4.18 -0.59 0.97 0.80 0.03 1.00
Car 0.0 0 2.50 936.79 184.55 1229.22 346.69 1.53 1.62 3.87 0.48 0.87 0.82 3.08 1.00
Car 0.0 0 -2.41 10.14 167.13 122.81 365.37 1.65 1.63 3.71 -0.72 0.94 0.88 -3.05 1.00
Car 0.0 0 -1.68 643.46 183.85 680.41 224.12 1.52 1.63 3.71 0.01 0.80 0.96 -1.61 1.00
Car 0.0 0 -0.52 836.28 185.96 1154.12 303.61 1.46 1.67 4.14 0.41 0.82 0.88 -0.03 0.99
Car 0.0 0 -0.82 1156.18 197.87 1233.22 373.43 1.43 1.60 3.86 0.71 0.86 0.95 -0.14 0.99
Car 0.0 0 -1.65 627.61 181.14 639.74 203.06 1.53 1.64 3.86 -0.03 0.79 0.95 -1.62 0.99
Car 0.0 0 3.43 327.95 184.82 452.92 231.51 1.49 1.61 3.95 -0.35 0.79 0.94 3.13 0.99
Car 0.0 0 0.14 438.01 179.28 501.09 205.75 1.57 1.65 4.28 -0.25 0.81 0.97 -0.05 0.99
Car 0.0 0 -2.84 274.79 184.95 434.61 239.48 1.43 1.61 4.17 -0.38 0.77 0.91 3.10 0.98
Car 0.0 0 -0.45 813.55 171.46 1063.57 279.58 1.65 1.65 3.80 0.35 0.89 0.89 -0.02 0.98
Cyclist 0.0 0 1.78 447.13 181.04 470.05 260.27 1.75 0.60 1.64 -0.26 0.94 0.95 1.57 0.99
