Pedestrian 0.0 0 -1.08 690.29 168.22 735.82 329.02 1.73 0.75 0.92 0.10 0.96 1.03 -0.92 0.99
Pedestrian 0.0 0 2.99 945.76 136.58 983.83 272.82 1.86 0.74 0.94 0.51 0.97 1.13 -2.82 0.99
Pedestrian 0.0 0 2.16 81.41 158.94 208.55 377.50 1.78 0.75 0.86 -0.66 1.01 0.95 1.59 0.99
Pedestrian 0.0 0 -1.64 590.36 171.93 585.61 220.54 1.82 0.77 0.81 -0.08 0.93 1.02 -1.66 0.98
Pedestrian 0.0 0 -2.26 1111.38 133.20 1218.25 365.06 1.74 0.79 0.90 0.78 0.97 1.07 -1.59 0.98
Pedestrian 0.0 0 1.66 506.86 175.08 509.08 232.01 1.68 0.70 0.90 -0.19 0.87 0.98 1.54 0.98
Pedestrian 0.0 0 -2.17 971.26 140.37 1006.66 268.72 1.77 0.81 0.92 0.52 0.92 1.06 -1.67 0.97
Pedestrian 0.0 0 -1.62 604.94 177.46 604.07 230.12 1.71 0.76 0.85 -0.05 0.89 1.00 -1.61 0.97
Pedestrian 0.0 0 -1.54 571.15 172.57 573.11 235.81 1.69 0.82 1.04 -0.10 0.88 1.01 -1.58 0.96
Pedestrian 0.0 0 1.61 488.75 181.93 487.81 233.32 1.66 0.75 0.87 -0.21 0.87 0.98 1.46 0.94
Pedestrian 0.0 0 -1.62 622.05 176.87 618.28 224.77 1.77 0.84 0.93 -0.03 0.91 1.05 -1.59 0.25
Car 0.0 0 1.52 534.10 179.29 537.85 198.71 1.58 1.60 4.14 -0.16 0.80 1.09 1.43 0.56
Cyclist 0.0 0 1.97 203.27 197.56 406.83 365.16 1.54 0.68 1.66 -0.43 0.90 0.89 1.58 0.99
