Car 0.0 0 -1.84 739.10 193.85 897.08 303.21 1.40 1.57 3.93 0.19 0.79 0.85 -1.56 1.00
Car 0.0 0 2.90 784.78 184.37 939.53 248.88 1.59 1.61 3.94 0.25 0.85 0.88 -3.04 1.00
Car 0.0 0 -2.83 224.28 176.67 396.49 249.81 1.66 1.62 3.80 -0.45 0.88 0.94 3.06 1.00
Car 0.0 0 0.47 66.22 174.36 346.86 291.34 1.67 1.65 3.83 -0.57 0.91 0.91 -0.04 1.00
Car 0.0 0 0.52 19.09 193.34 289.83 319.84 1.55 1.64 3.86 -0.60 0.87 0.85 -0.04 1.00
Car 0.0 0 -1.65 642.15 164.75 673.04 203.47 1.56 1.64 3.65 0.00 0.80 0.91 -1.59 1.00
Car 0.0 0 -2.40 10.99 190.95 121.47 365.03 1.53 1.62 3.96 -0.74 0.90 0.90 -3.05 1.00
Car 0.0 0 0.28 346.68 161.92 472.71 223.58 1.71 1.60 3.82 -0.33 0.88 0.96 0.01 0.99
Car 0.0 0 2.87 715.85 174.56 809.42 211.14 1.53 1.66 4.28 0.13 0.79 0.91 3.07 0.99
Car 0.0 0 -2.92 430.54 177.54 500.77 205.55 1.52 1.63 3.97 -0.25 0.78 0.96 -3.12 0.99
Car 0.0 0 3.21 459.21 175.52 521.72 199.69 1.49 1.75 4.27 -0.20 0.77 0.84 3.05 0.99
Car 0.0 0 -1.64 631.92 164.53 645.94 189.59 1.61 1.65 3.77 -0.02 0.81 1.04 -1.60 0.86
