Pedestrian 0.0 0 -2.17 220.55 168.82 277.10 359.50 1.72 0.74 0.89 -0.58 0.98 1.05 -2.63 1.00
Pedestrian 0.0 0 -1.68 161.23 169.02 216.02 359.87 1.78 0.75 0.91 -0.64 1.01 1.00 -2.20 0.99
Pedestrian 0.0 0 1.30 667.60 155.51 676.46 228.19 1.76 0.69 0.82 0.04 0.90 1.00 1.40 0.99
Pedestrian 0.0 0 -1.62 401.84 174.13 397.84 217.13 1.72 0.74 0.92 -0.32 0.88 0.95 -1.90 0.99
Pedestrian 0.0 0 -1.68 531.84 172.85 523.77 210.24 1.70 0.75 0.79 -0.16 0.86 1.01 -1.79 0.97
Pedestrian 0.0 0 -2.00 88.98 158.05 175.86 347.29 1.66 0.66 0.87 -0.73 0.93 1.02 -2.57 0.95
Pedestrian 0.0 0 -1.53 519.30 169.93 513.86 213.44 1.72 0.84 0.93 -0.18 0.88 1.01 -1.64 0.91
Pedestrian 0.0 0 -1.65 8.86 141.65 137.15 371.92 1.74 0.71 0.89 -0.80 0.97 1.00 -2.28 0.90
Car 0.0 0 1.83 224.57 182.07 392.45 306.34 1.53 1.61 3.99 -0.42 0.85 0.90 1.45 1.00
Cyclist 0.0 0 1.67 435.99 166.29 461.94 258.80 1.68 0.66 1.76 -0.27 0.88 1.01 1.46 0.99
