Car 0.0 0 -1.24 243.09 207.53 416.98 321.97 1.42 1.57 3.68 -0.41 0.83 0.89 -1.61 1.00
Car 0.0 0 -1.72 702.60 184.10 788.47 264.15 1.56 1.63 3.68 0.11 0.84 0.89 -1.53 1.00
Car 0.0 0 -1.39 408.18 185.56 485.22 248.21 1.43 1.61 3.77 -0.28 0.78 0.95 -1.61 1.00
Car 0.0 0 -2.13 847.77 177.99 1237.46 369.35 1.55 1.63 3.78 0.44 0.89 0.84 -1.59 1.00
Car 0.0 0 1.73 490.31 187.28 522.17 219.88 1.50 1.68 4.05 -0.21 0.79 1.01 1.58 1.00
Car 0.0 0 1.65 528.80 186.13 538.93 205.77 1.46 1.60 3.89 -0.16 0.76 0.99 1.55 0.99
Car 0.0 0 -1.64 662.14 179.13 686.99 213.20 1.52 1.61 3.68 0.03 0.79 1.02 -1.55 0.99
Car 0.0 0 -1.58 641.23 180.85 643.59 195.21 1.44 1.61 3.63 -0.02 0.74 0.97 -1.53 0.98
Cyclist 0.0 0 1.59 590.87 181.04 580.48 196.21 1.72 0.66 1.81 -0.10 0.88 1.08 1.56 0.96
Cyclist 0.0 0 1.64 578.61 181.59 568.55 202.42 1.69 0.64 1.82 -0.11 0.87 1.05 1.59 0.91
