Car 0.0 0 -1.04 78.03 183.84 268.64 275.10 1.49 1.62 3.88 -0.59 0.80 0.88 -1.58 1.00
Car 0.0 0 -1.26 312.66 195.82 442.44 279.77 1.43 1.61 3.91 -0.36 0.79 0.94 -1.57 1.00
Car 0.0 0 -1.40 450.06 187.67 496.67 229.63 1.46 1.61 3.98 -0.24 0.76 0.95 -1.59 1.00
Car 0.0 0 -0.78 6.86 203.49 67.73 319.04 1.35 1.61 3.93 -0.83 0.78 0.97 -1.45 1.00
Car 0.0 0 -1.42 488.71 185.12 514.82 215.50 1.48 1.57 3.75 -0.21 0.76 1.01 -1.57 0.99
Car 0.0 0 -1.45 518.65 186.70 532.62 207.03 1.45 1.59 3.62 -0.18 0.74 1.02 -1.56 0.99
Car 0.0 0 -1.34 399.71 184.42 437.19 217.37 1.45 1.58 3.83 -0.34 0.75 1.07 -1.60 0.98
Car 0.0 0 -1.58 587.82 183.34 600.99 209.20 1.58 1.65 3.71 -0.08 0.81 1.00 -1.60 0.90
Car 0.0 0 -1.16 267.67 182.98 329.14 220.30 1.53 1.61 4.12 -0.55 0.79 1.14 -1.57 0.23
Car 0.0 0 -1.23 293.97 187.49 358.64 224.60 1.47 1.63 4.08 -0.50 0.77 1.12 -1.60 0.22
