Car 0.0 0 -1.98 819.60 183.71 1209.02 371.24 1.50 1.62 3.81 0.40 0.87 0.82 -1.47 1.00
Car 0.0 0 2.00 203.64 198.59 360.91 291.49 1.48 1.59 3.93 -0.48 0.83 0.93 1.58 1.00
Car 0.0 0 2.20 12.98 207.03 232.65 371.87 1.48 1.60 3.84 -0.66 0.89 0.89 1.61 1.00
Car 0.0 0 1.91 388.04 187.70 463.06 238.48 1.53 1.62 3.89 -0.31 0.82 0.98 1.66 1.00
Car 0.0 0 1.36 719.32 183.59 813.39 256.98 1.48 1.60 3.91 0.12 0.80 0.82 1.58 1.00
Car 0.0 0 -1.76 691.34 182.99 753.36 233.11 1.50 1.64 3.96 0.08 0.79 0.90 -1.60 1.00
Car 0.0 0 1.72 489.39 182.63 513.48 209.45 1.47 1.61 3.90 -0.20 0.76 0.95 1.57 1.00
Car 0.0 0 -1.72 670.18 180.31 700.95 213.14 1.53 1.62 3.77 0.04 0.80 0.93 -1.61 1.00
Car 0.0 0 -2.75 524.56 177.52 552.42 191.54 1.49 1.55 3.70 -0.16 0.76 0.98 -2.85 0.97
Car 0.0 0 -2.69 1204.65 211.60 1231.97 367.14 1.48 1.61 3.80 0.81 0.91 1.02 -1.99 0.95
