Car 0.0 0 -1.79 728.38 189.04 820.98 260.25 1.48 1.60 3.83 0.15 0.80 0.92 -1.56 1.00
Car 0.0 0 -1.70 710.32 183.03 764.26 234.97 1.49 1.60 3.82 0.11 0.79 0.95 -1.53 1.00
Car 0.0 0 3.21 1093.63 161.68 1230.57 248.48 1.62 1.58 3.64 0.62 0.85 0.89 -2.42 1.00
Car 0.0 0 1.78 490.55 183.12 528.27 218.69 1.48 1.58 3.72 -0.20 0.78 1.01 1.64 1.00
Car 0.0 0 -2.89 918.37 173.23 1088.05 227.59 1.42 1.61 4.32 0.44 0.75 0.91 -2.39 0.99
Car 0.0 0 3.29 1002.40 175.22 1187.55 240.81 1.45 1.57 3.92 0.54 0.77 0.89 -2.40 0.99
Car 0.0 0 0.29 279.65 190.76 348.64 217.21 1.52 1.61 4.01 -0.46 0.80 0.98 -0.10 0.99
Car 0.0 0 -1.61 684.85 177.21 694.28 198.79 1.49 1.61 3.86 0.05 0.77 0.95 -1.50 0.99
Car 0.0 0 1.75 516.51 183.08 542.62 211.02 1.52 1.63 4.04 -0.17 0.79 1.03 1.64 0.98
Car 0.0 0 1.81 603.41 181.64 608.13 193.67 1.36 1.52 3.75 -0.06 0.70 0.97 1.81 0.97
