Car 0.0 0 -1.83 772.79 181.86 952.74 316.47 1.49 1.59 3.64 0.25 0.84 0.88 -1.49 1.00
Car 0.0 0 -2.30 945.54 191.55 1236.36 372.22 1.48 1.61 3.73 0.49 0.87 0.82 -1.71 1.00
Car 0.0 0 1.93 209.95 201.56 363.50 296.48 1.45 1.60 3.89 -0.47 0.82 0.91 1.51 1.00
Car 0.0 0 1.73 474.20 190.98 497.80 216.76 1.45 1.58 3.84 -0.23 0.77 0.98 1.56 1.00
Car 0.0 0 1.72 493.63 189.43 511.13 210.68 1.46 1.66 4.00 -0.20 0.77 0.95 1.57 0.99
Car 0.0 0 -1.16 241.10 197.42 290.15 225.81 1.47 1.55 3.58 -0.52 0.79 0.96 -1.61 0.99
Car 0.0 0 -1.06 204.78 201.72 246.31 224.64 1.46 1.62 3.76 -0.66 0.79 1.12 -1.55 0.98
Car 0.0 0 -1.67 656.14 178.53 674.43 205.46 1.51 1.63 3.70 0.01 0.78 0.93 -1.60 0.97
Car 0.0 0 -1.32 605.65 181.32 614.51 194.60 1.43 1.58 3.49 -0.06 0.73 0.88 -1.32 0.96
Car 0.0 0 -1.13 286.57 198.94 332.84 225.18 1.42 1.61 3.63 -0.47 0.77 0.98 -1.52 0.94
