Car 0.0 0 1.80 434.93 183.73 481.36 224.25 1.51 1.63 3.89 -0.26 0.80 0.96 1.59 1.00
Car 0.0 0 -1.83 734.44 179.30 885.95 287.26 1.47 1.61 3.80 0.19 0.81 0.89 -1.56 1.00
Car 0.0 0 2.19 13.61 209.34 239.86 369.10 1.47 1.60 3.94 -0.63 0.87 0.86 1.60 1.00
Car 0.0 0 1.83 382.02 183.64 453.44 240.36 1.54 1.62 3.94 -0.32 0.82 0.96 1.57 1.00
Car 0.0 0 1.99 223.02 198.74 372.89 283.74 1.44 1.58 3.91 -0.46 0.81 0.92 1.58 1.00
Car 0.0 0 3.03 707.40 171.61 752.46 189.89 1.53 1.66 4.29 0.11 0.78 1.01 -3.09 0.99
Car 0.0 0 -1.63 649.55 178.34 650.18 190.51 1.40 1.63 3.71 -0.01 0.72 0.98 -1.57 0.98
Car 0.0 0 1.68 531.00 184.36 537.95 199.70 1.46 1.63 3.90 -0.16 0.76 0.96 1.58 0.98
Car 0.0 0 1.71 489.52 185.70 507.53 207.46 1.43 1.64 3.92 -0.22 0.75 1.01 1.56 0.98
Car 0.0 0 1.66 567.25 182.28 571.91 195.76 1.45 1.63 3.95 -0.12 0.75 1.05 1.61 0.91
