Pedestrian 0.0 0 2.95 865.99 163.36 857.25 188.54 1.84 0.53 1.13 0.29 0.92 1.00 -2.99 0.97
Car 0.0 0 2.92 200.53 170.31 298.86 205.75 1.67 1.68 4.42 -0.52 0.85 0.92 2.45 1.00
Car 0.0 0 -2.00 825.61 166.22 850.43 185.60 1.58 1.61 3.87 0.24 0.80 0.95 -1.69 0.99
Car 0.0 0 2.99 706.12 173.06 762.72 195.17 1.57 1.70 4.17 0.11 0.80 0.95 -3.12 0.99
Car 0.0 0 -2.11 865.47 166.46 897.64 186.59 1.57 1.66 3.72 0.30 0.79 0.95 -1.75 0.99
Car 0.0 0 -2.05 1002.14 159.81 1034.75 184.29 1.58 1.63 3.83 0.45 0.79 0.89 -1.54 0.99
Car 0.0 0 1.27 801.22 163.83 817.75 187.87 1.58 1.60 4.04 0.20 0.79 0.93 1.54 0.99
Car 0.0 0 -2.10 1069.89 161.54 1111.48 183.15 1.60 1.55 3.89 0.60 0.80 0.99 -1.51 0.99
Car 0.0 0 -2.08 1141.62 164.03 1207.12 187.71 1.42 1.57 4.04 0.66 0.71 0.92 -1.41 0.44
Car 0.0 0 -2.10 1033.91 166.42 1065.89 185.24 1.44 1.56 3.64 0.50 0.72 0.92 -1.55 0.35
