Car 0.0 0 1.88 291.42 202.89 449.10 311.09 1.41 1.55 3.74 -0.36 0.81 0.91 1.56 1.00
Car 0.0 0 -1.81 734.50 183.29 869.48 282.94 1.47 1.61 3.92 0.18 0.81 0.88 -1.55 1.00
Car 0.0 0 -2.00 792.78 188.87 1212.61 372.97 1.46 1.63 4.03 0.39 0.85 0.82 -1.50 1.00
Car 0.0 0 1.97 21.03 214.15 344.28 372.45 1.44 1.53 3.68 -0.59 0.87 0.89 1.44 1.00
Car 0.0 0 -1.73 655.28 181.49 683.62 211.69 1.52 1.63 3.70 0.02 0.79 0.93 -1.65 1.00
Car 0.0 0 2.47 558.94 184.84 588.35 198.18 1.53 1.60 4.05 -0.11 0.79 0.96 2.42 0.99
Car 0.0 0 -1.88 601.80 187.54 617.17 204.16 1.42 1.61 3.60 -0.06 0.74 0.94 -1.88 0.98
Car 0.0 0 2.50 11.01 259.87 98.59 374.31 1.36 1.60 4.04 -0.85 0.88 1.03 1.85 0.96
Car 0.0 0 2.75 992.34 151.46 1182.09 220.33 1.66 1.69 3.85 0.59 0.85 0.97 -2.95 0.95
Cyclist 0.0 0 1.89 500.97 183.42 494.58 201.33 1.67 0.61 1.52 -0.22 0.86 1.06 1.73 0.99
