Pedestrian 0.0 0 -1.62 698.92 161.35 700.92 222.29 1.71 0.79 0.89 0.08 0.87 1.02 -1.48 0.99
Pedestrian 0.0 0 -1.42 608.93 162.86 615.01 235.95 1.73 0.74 0.97 -0.04 0.89 0.96 -1.41 0.99
Pedestrian 0.0 0 -2.72 453.42 164.60 460.30 235.90 1.86 0.60 0.65 -0.27 0.96 1.04 -2.92 0.98
Pedestrian 0.0 0 -1.49 661.76 160.50 668.17 231.21 1.69 0.74 0.93 0.03 0.87 0.99 -1.40 0.98
Pedestrian 0.0 0 1.74 475.46 170.09 492.47 271.18 1.71 0.64 0.88 -0.22 0.91 0.97 1.58 0.98
Pedestrian 0.0 0 -1.65 726.64 157.30 728.80 219.71 1.73 0.84 0.91 0.13 0.88 1.06 -1.47 0.97
Pedestrian 0.0 0 -2.00 1045.98 107.33 1195.13 382.50 1.94 0.84 0.93 0.66 1.06 1.00 -1.37 0.97
Pedestrian 0.0 0 -1.49 623.56 156.37 624.52 218.49 1.82 0.78 0.96 -0.03 0.92 1.00 -1.46 0.97
Pedestrian 0.0 0 1.70 500.64 167.35 516.98 265.34 1.71 0.71 0.92 -0.18 0.90 0.96 1.57 0.96
Car 0.0 0 1.59 563.87 169.92 571.91 189.94 1.49 1.67 4.26 -0.10 0.75 1.00 1.54 0.99
