Pedestrian 0.0 0 -1.29 427.12 165.97 424.57 242.06 1.84 0.43 0.43 -0.31 0.96 0.96 -1.54 0.99
Pedestrian 0.0 0 -1.18 405.08 162.73 409.04 245.29 1.82 0.45 0.40 -0.34 0.95 0.99 -1.45 0.97
Car 0.0 0 -1.29 171.05 174.87 465.21 372.00 1.53 1.65 3.91 -0.41 0.89 0.87 -1.67 1.00
Car 0.0 0 -1.85 728.50 181.28 909.42 308.52 1.54 1.62 3.87 0.18 0.85 0.82 -1.57 1.00
Car 0.0 0 -1.25 376.87 179.63 523.53 278.42 1.51 1.63 4.00 -0.27 0.83 0.93 -1.47 1.00
Car 0.0 0 -1.66 675.15 175.21 711.41 216.53 1.52 1.65 3.70 0.05 0.79 0.91 -1.55 0.99
Car 0.0 0 -2.03 796.53 167.19 1232.94 371.87 1.57 1.61 3.87 0.40 0.90 0.82 -1.52 0.99
Car 0.0 0 -1.53 557.56 172.02 574.16 197.86 1.52 1.64 3.74 -0.12 0.78 1.02 -1.60 0.99
Car 0.0 0 -1.61 655.88 173.28 676.53 202.03 1.49 1.58 3.75 0.01 0.76 0.94 -1.53 0.98
Car 0.0 0 -1.59 645.82 169.30 653.57 190.69 1.54 1.64 3.82 -0.00 0.78 1.01 -1.54 0.97
