Car 0.0 0 -1.79 758.25 182.73 903.84 298.35 1.50 1.60 3.65 0.22 0.84 0.90 -1.50 1.00
Car 0.0 0 1.91 243.98 201.12 377.00 287.45 1.49 1.60 3.94 -0.45 0.84 0.93 1.51 1.00
Car 0.0 0 -2.21 883.42 184.34 1234.76 371.18 1.52 1.61 3.78 0.46 0.88 0.84 -1.65 1.00
Car 0.0 0 1.73 497.79 189.61 513.66 210.36 1.45 1.62 3.95 -0.20 0.76 0.94 1.59 0.99
Car 0.0 0 -1.09 252.71 196.95 294.04 221.47 1.44 1.57 3.57 -0.57 0.78 1.08 -1.52 0.99
Car 0.0 0 1.71 481.21 192.13 498.52 214.90 1.45 1.56 3.81 -0.22 0.77 0.98 1.55 0.99
Car 0.0 0 0.62 600.13 181.50 619.44 194.53 1.42 1.62 3.82 -0.06 0.73 0.88 0.62 0.97
Car 0.0 0 -1.67 653.12 178.89 670.12 204.79 1.54 1.60 3.84 0.01 0.80 0.94 -1.60 0.96
Car 0.0 0 -1.07 295.71 197.04 339.23 219.80 1.44 1.58 3.65 -0.47 0.77 1.00 -1.45 0.95
Car 0.0 0 1.68 517.90 185.96 527.21 205.43 1.51 1.57 3.71 -0.17 0.79 0.92 1.56 0.89
