Car 0.0 0 1.83 333.88 170.73 456.07 263.71 1.52 1.61 3.90 -0.33 0.81 0.91 1.54 1.00
Car 0.0 0 -1.94 787.33 171.36 1065.65 352.08 1.53 1.61 3.87 0.28 0.86 0.77 -1.52 1.00
Car 0.0 0 1.76 419.95 170.22 487.29 230.56 1.53 1.61 4.08 -0.27 0.80 0.96 1.55 1.00
Car 0.0 0 -1.78 706.40 166.12 834.23 267.28 1.57 1.63 3.91 0.14 0.84 0.88 -1.56 1.00
Car 0.0 0 1.70 487.32 166.99 517.23 200.52 1.49 1.68 4.04 -0.20 0.76 0.91 1.55 1.00
Car 0.0 0 -1.74 674.69 164.31 744.45 222.37 1.51 1.63 3.97 0.07 0.78 0.93 -1.61 1.00
Car 0.0 0 -1.69 667.52 160.73 713.54 208.05 1.53 1.58 3.71 0.05 0.78 0.98 -1.58 0.98
Car 0.0 0 2.93 811.77 145.74 878.83 176.90 1.86 1.84 4.21 0.28 0.91 1.03 -3.04 0.98
Car 0.0 0 1.69 463.28 165.15 500.18 204.87 1.50 1.63 4.12 -0.23 0.77 0.95 1.51 0.98
Car 0.0 0 -1.85 624.94 161.58 635.88 175.85 1.46 1.60 3.63 -0.03 0.73 0.99 -1.82 0.94
Car 0.0 0 -1.85 593.30 161.33 601.43 174.71 1.44 1.66 3.64 -0.08 0.71 0.99 -1.87 0.90
