Pedestrian 0.0 0 -1.06 176.96 170.52 196.75 296.50 1.92 0.48 0.42 -0.69 1.05 1.07 -1.59 0.99
Pedestrian 0.0 0 -1.08 213.18 171.60 240.02 320.07 1.80 0.35 0.33 -0.62 1.01 1.06 -1.56 0.96
Pedestrian 0.0 0 -0.88 46.61 152.12 101.62 329.86 1.86 0.61 0.68 -0.85 1.03 1.06 -1.52 0.79
Car 0.0 0 -1.77 674.75 181.71 769.62 258.79 1.48 1.60 3.71 0.09 0.80 0.93 -1.61 1.00
Car 0.0 0 -1.69 647.09 181.30 684.31 218.42 1.52 1.63 3.83 0.01 0.80 0.89 -1.62 1.00
Car 0.0 0 -1.47 513.68 178.53 545.58 215.58 1.52 1.63 3.99 -0.17 0.80 1.03 -1.58 1.00
Car 0.0 0 -1.48 544.95 182.73 554.45 201.73 1.42 1.57 3.59 -0.14 0.73 0.93 -1.57 0.98
Car 0.0 0 -1.62 630.57 174.69 644.29 201.33 1.59 1.65 3.93 -0.02 0.82 1.00 -1.58 0.97
Car 0.0 0 -0.98 -6.26 206.42 333.08 370.74 1.46 1.59 3.92 -0.64 0.88 0.93 -1.53 0.92
Car 0.0 0 -1.12 9.52 200.96 387.55 369.78 1.48 1.60 3.99 -0.58 0.88 0.92 -1.64 0.92
Car 0.0 0 -1.09 -9.08 201.81 374.44 369.21 1.47 1.60 3.92 -0.61 0.88 0.93 -1.62 0.90
