Car 0.0 0 1.92 374.54 195.20 452.89 244.89 1.51 1.63 4.01 -0.32 0.82 0.97 1.65 1.00
Car 0.0 0 1.98 224.54 202.24 373.00 286.60 1.46 1.60 3.99 -0.46 0.82 0.92 1.57 1.00
Car 0.0 0 2.18 10.73 214.65 235.28 371.26 1.42 1.58 3.77 -0.66 0.86 0.89 1.59 1.00
Car 0.0 0 -1.76 720.30 179.30 810.86 253.66 1.46 1.58 3.82 0.14 0.79 0.90 -1.54 1.00
Car 0.0 0 -1.75 690.51 176.51 753.79 232.33 1.54 1.61 3.86 0.08 0.81 0.92 -1.60 1.00
Car 0.0 0 1.79 487.55 186.21 515.81 213.76 1.51 1.61 3.96 -0.20 0.79 0.94 1.64 1.00
Car 0.0 0 2.67 873.77 156.19 1035.92 220.15 1.63 1.66 3.81 0.37 0.84 0.90 3.12 1.00
Car 0.0 0 2.37 1103.69 141.05 1229.78 246.34 1.60 1.62 3.65 0.62 0.83 0.87 3.03 1.00
Car 0.0 0 2.45 1037.14 138.41 1224.83 239.28 1.57 1.67 3.85 0.55 0.81 0.84 3.08 0.99
Car 0.0 0 2.57 944.85 150.28 1142.19 226.66 1.56 1.65 3.77 0.46 0.80 0.87 3.11 0.99
Car 0.0 0 -1.65 663.32 182.05 684.29 209.90 1.49 1.63 3.74 0.02 0.78 0.95 -1.56 0.93
Car 0.0 0 -1.91 597.01 178.90 606.00 190.29 1.44 1.67 3.82 -0.07 0.74 1.01 -1.93 0.73
Car 0.0 0 1.70 526.22 184.57 533.42 200.71 1.45 1.59 3.93 -0.17 0.76 1.02 1.59 0.63
