Car 0.0 0 1.93 178.52 203.72 387.17 334.77 1.44 1.59 3.81 -0.46 0.84 0.89 1.51 1.00
Car 0.0 0 1.76 434.55 188.24 497.82 244.57 1.52 1.63 3.96 -0.24 0.82 0.92 1.56 1.00
Car 0.0 0 1.81 344.56 189.18 452.24 275.47 1.52 1.59 3.90 -0.34 0.84 0.94 1.53 1.00
Car 0.0 0 -1.86 753.03 179.57 955.56 318.94 1.50 1.62 3.88 0.22 0.84 0.83 -1.53 1.00
Car 0.0 0 -2.24 878.26 184.33 1231.74 371.68 1.52 1.61 3.80 0.47 0.88 0.85 -1.69 1.00
Car 0.0 0 -1.71 682.06 181.83 729.36 227.01 1.49 1.59 3.82 0.07 0.79 0.95 -1.58 1.00
Car 0.0 0 -1.74 696.71 181.93 773.18 250.43 1.53 1.60 3.78 0.10 0.82 0.91 -1.57 1.00
Car 0.0 0 -1.84 593.85 185.98 601.78 197.87 1.34 1.59 3.53 -0.07 0.69 0.90 -1.85 0.99
Car 0.0 0 -1.71 655.80 175.36 683.49 210.33 1.54 1.59 3.67 0.02 0.80 0.95 -1.62 0.99
Car 0.0 0 -1.57 535.10 189.65 540.10 203.34 1.34 1.64 3.54 -0.16 0.70 0.96 -1.67 0.98
Car 0.0 0 -1.84 617.12 185.27 626.12 198.47 1.36 1.55 3.49 -0.04 0.70 0.91 -1.83 0.98
Car 0.0 0 -1.66 636.14 184.37 640.77 199.52 1.43 1.57 3.54 -0.02 0.74 0.90 -1.62 0.97
