Pedestrian 0.0 0 -1.00 658.76 166.05 701.40 322.18 1.75 0.76 0.93 0.05 0.96 1.00 -0.89 1.00
Pedestrian 0.0 0 -2.11 1050.74 118.07 1167.03 372.14 1.92 0.88 0.95 0.65 1.05 1.00 -1.49 0.99
Pedestrian 0.0 0 2.07 237.14 169.37 309.86 376.00 1.77 0.73 0.96 -0.49 1.01 0.94 1.64 0.99
Pedestrian 0.0 0 -1.52 567.54 172.99 569.43 234.28 1.71 0.79 1.00 -0.10 0.88 0.94 -1.56 0.99
Pedestrian 0.0 0 3.06 921.27 136.62 959.95 264.67 1.81 0.79 1.06 0.49 0.94 1.17 -2.78 0.99
Pedestrian 0.0 0 -2.08 522.89 171.12 524.63 228.34 1.76 0.69 0.89 -0.17 0.91 1.02 -2.18 0.99
Pedestrian 0.0 0 1.61 485.09 177.74 483.37 229.13 1.69 0.74 0.86 -0.21 0.88 0.95 1.45 0.98
Pedestrian 0.0 0 -1.55 601.00 175.19 600.61 232.47 1.70 0.84 0.95 -0.06 0.88 1.02 -1.55 0.95
Pedestrian 0.0 0 1.61 500.19 176.64 500.81 230.45 1.76 0.76 0.91 -0.19 0.91 0.96 1.47 0.91
Cyclist 0.0 0 1.85 341.88 177.10 451.50 369.04 1.68 0.65 1.72 -0.34 0.97 0.98 1.57 1.00
