Car 0.0 0 -1.89 784.96 181.90 1020.00 334.05 1.46 1.62 3.83 0.29 0.83 0.86 -1.51 1.00
Car 0.0 0 2.12 9.85 202.02 299.57 359.53 1.48 1.59 3.89 -0.59 0.86 0.84 1.56 1.00
Car 0.0 0 -2.31 950.39 192.15 1231.64 370.98 1.48 1.63 3.81 0.50 0.87 0.83 -1.72 1.00
Car 0.0 0 1.89 269.37 195.37 391.40 277.10 1.52 1.61 3.97 -0.42 0.84 0.94 1.52 1.00
Car 0.0 0 1.85 415.90 189.06 475.42 235.01 1.50 1.62 3.83 -0.28 0.80 0.95 1.62 1.00
Car 0.0 0 1.35 706.81 181.67 786.14 244.25 1.50 1.61 4.01 0.10 0.79 0.83 1.54 1.00
Car 0.0 0 -1.73 666.51 181.31 696.65 212.85 1.51 1.60 3.79 0.04 0.79 0.97 -1.63 1.00
Car 0.0 0 -1.78 686.42 182.40 740.70 226.72 1.46 1.61 3.89 0.07 0.77 0.90 -1.64 0.99
Car 0.0 0 1.69 495.24 183.97 517.96 208.65 1.42 1.65 3.88 -0.20 0.74 1.01 1.55 0.99
Car 0.0 0 -2.55 540.78 177.60 566.14 191.39 1.50 1.63 3.61 -0.13 0.77 0.93 -2.63 0.97
