Car 0.0 0 -2.83 267.83 185.92 433.20 247.16 1.49 1.59 3.99 -0.40 0.80 0.94 3.10 1.00
Car 0.0 0 -1.78 748.20 189.45 857.03 276.47 1.49 1.58 3.65 0.19 0.83 0.93 -1.52 1.00
Car 0.0 0 -1.78 717.16 181.86 799.18 250.45 1.52 1.60 3.88 0.12 0.81 0.88 -1.57 1.00
Car 0.0 0 -2.91 367.32 185.82 477.76 230.38 1.50 1.58 3.84 -0.30 0.80 0.93 3.12 1.00
Car 0.0 0 0.58 70.33 190.45 366.59 298.96 1.49 1.61 3.91 -0.54 0.83 0.88 0.08 1.00
Car 0.0 0 0.34 402.50 186.56 506.76 223.64 1.53 1.62 4.16 -0.26 0.81 0.94 0.13 0.99
Car 0.0 0 -1.69 693.74 188.87 718.20 218.56 1.51 1.58 3.67 0.06 0.79 0.90 -1.56 0.99
Car 0.0 0 -1.61 663.58 172.61 675.27 196.45 1.57 1.64 3.77 0.02 0.80 1.01 -1.53 0.99
Car 0.0 0 0.21 454.65 183.98 535.31 217.05 1.53 1.67 4.09 -0.21 0.80 0.92 0.05 0.98
Car 0.0 0 3.18 534.05 179.25 573.51 198.67 1.49 1.67 3.97 -0.14 0.77 1.00 3.11 0.68
