Pedestrian 0.0 0 3.20 399.81 165.80 394.84 201.82 1.82 0.60 0.96 -0.35 0.92 1.00 2.92 0.96
Car 0.0 0 -1.97 401.37 165.63 442.81 194.08 1.57 1.64 3.79 -0.30 0.80 0.94 -2.23 1.00
Car 0.0 0 -2.41 723.86 167.62 759.08 184.41 1.49 1.56 3.71 0.11 0.75 0.92 -2.23 1.00
Car 0.0 0 1.29 361.41 160.44 401.51 192.47 1.54 1.70 4.34 -0.34 0.77 0.89 0.99 1.00
Car 0.0 0 -2.34 756.43 169.45 783.04 182.69 1.47 1.60 3.68 0.14 0.74 0.91 -2.12 0.99
Car 0.0 0 -2.03 457.05 162.78 505.54 192.19 1.64 1.73 4.00 -0.24 0.83 0.98 -2.21 0.99
Car 0.0 0 -2.19 652.03 166.61 679.23 185.00 1.49 1.61 3.55 0.01 0.75 0.88 -2.11 0.99
Car 0.0 0 -2.26 782.09 169.80 804.99 182.20 1.45 1.63 3.73 0.18 0.73 0.93 -2.01 0.99
Car 0.0 0 -2.38 691.87 163.04 726.77 181.23 1.51 1.58 3.64 0.07 0.75 0.92 -2.24 0.99
Car 0.0 0 0.31 869.59 163.44 901.49 179.71 1.55 1.51 3.85 0.29 0.77 0.92 0.68 0.98
Car 0.0 0 0.46 893.68 166.28 918.93 177.72 1.46 1.56 3.77 0.32 0.73 0.93 0.85 0.97
Car 0.0 0 0.73 802.64 168.72 834.84 183.05 1.50 1.68 4.01 0.22 0.75 0.95 1.01 0.96
Car 0.0 0 1.85 1219.02 149.89 1225.47 171.59 1.43 1.60 3.87 0.80 0.70 1.01 2.56 0.92
Car 0.0 0 1.20 939.02 161.02 960.09 177.26 1.47 1.66 4.01 0.39 0.73 0.96 1.64 0.50
