Car 0.0 0 -2.66 23.45 174.02 311.32 292.05 1.57 1.63 3.93 -0.61 0.86 0.90 3.08 1.00
Car 0.0 0 -0.79 982.71 191.47 1230.26 348.62 1.44 1.65 3.88 0.56 0.84 0.90 -0.19 1.00
Car 0.0 0 -2.40 14.17 185.81 151.07 362.16 1.52 1.59 3.78 -0.69 0.88 0.86 -3.04 1.00
Car 0.0 0 0.46 103.53 163.86 365.10 270.85 1.68 1.67 3.92 -0.53 0.90 0.90 -0.02 1.00
Car 0.0 0 -1.69 642.66 182.70 672.09 216.96 1.52 1.62 3.74 0.00 0.80 0.91 -1.63 1.00
Car 0.0 0 -2.87 335.92 181.15 461.15 229.67 1.49 1.60 3.99 -0.34 0.79 0.95 3.13 1.00
Car 0.0 0 2.64 825.77 186.29 1077.38 279.17 1.51 1.64 3.93 0.36 0.83 0.89 3.08 1.00
Car 0.0 0 3.35 389.58 183.10 478.48 218.47 1.45 1.60 3.99 -0.29 0.76 0.95 3.12 0.99
Car 0.0 0 -0.61 916.17 192.34 1177.83 298.32 1.48 1.61 3.93 0.51 0.84 0.94 -0.06 0.99
Car 0.0 0 -0.39 768.56 181.60 981.02 261.10 1.50 1.64 3.94 0.28 0.81 0.91 -0.04 0.99
Car 0.0 0 -1.65 629.30 178.98 638.62 198.65 1.52 1.63 3.79 -0.03 0.78 1.00 -1.62 0.97
Car 0.0 0 -0.36 764.46 178.16 929.30 247.53 1.63 1.65 4.00 0.25 0.87 0.94 -0.04 0.96
Cyclist 0.0 0 1.68 503.98 181.44 509.35 227.42 1.73 0.61 1.71 -0.20 0.91 0.99 1.54 0.96
