Car 0.0 0 1.75 410.09 185.63 483.08 247.58 1.45 1.61 3.82 -0.27 0.78 0.91 1.53 1.00
Car 0.0 0 -1.76 669.14 180.23 742.44 244.96 1.52 1.57 3.65 0.06 0.81 0.92 -1.63 1.00
Car 0.0 0 -1.70 647.84 182.47 691.51 226.07 1.50 1.61 3.85 0.02 0.79 0.93 -1.62 1.00
Car 0.0 0 -1.77 714.25 188.53 825.84 276.23 1.45 1.57 3.81 0.14 0.80 0.90 -1.55 1.00
Car 0.0 0 -2.01 811.14 198.88 1178.06 371.35 1.44 1.58 3.69 0.39 0.85 0.83 -1.52 1.00
Car 0.0 0 1.71 458.42 187.03 499.18 229.29 1.45 1.61 3.89 -0.23 0.77 0.92 1.53 1.00
Car 0.0 0 1.68 494.12 184.26 518.22 215.01 1.51 1.69 4.04 -0.19 0.79 0.94 1.53 1.00
Car 0.0 0 2.43 9.32 223.49 188.70 370.95 1.45 1.64 3.92 -0.75 0.90 0.98 1.81 0.99
Car 0.0 0 2.95 770.60 168.11 833.64 201.11 1.78 1.73 3.86 0.21 0.91 1.00 -3.07 0.99
Car 0.0 0 -1.82 617.92 180.46 624.63 195.98 1.50 1.66 3.77 -0.04 0.77 0.98 -1.80 0.64
Car 0.0 0 -1.87 580.26 182.13 585.44 193.75 1.45 1.53 3.38 -0.09 0.74 0.89 -1.90 0.50
