Car 0.0 0 -1.79 754.52 184.78 857.98 264.46 1.51 1.61 3.92 0.18 0.82 0.86 -1.53 1.00
Car 0.0 0 -1.91 812.81 194.55 1032.11 327.91 1.40 1.60 4.01 0.30 0.80 0.83 -1.50 1.00
Car 0.0 0 1.78 472.14 187.28 522.50 229.97 1.49 1.61 3.82 -0.21 0.79 0.98 1.63 1.00
Car 0.0 0 -1.74 731.18 185.58 792.37 238.43 1.53 1.63 3.94 0.13 0.82 0.88 -1.53 1.00
Car 0.0 0 -2.30 963.25 146.06 1234.74 369.92 1.70 1.71 4.19 0.54 0.96 0.88 -1.71 1.00
Car 0.0 0 1.72 511.77 187.77 539.79 219.73 1.46 1.60 3.91 -0.17 0.77 0.93 1.60 0.99
Car 0.0 0 -1.67 704.78 184.82 730.52 215.71 1.51 1.60 3.90 0.09 0.79 0.98 -1.52 0.99
Car 0.0 0 -1.71 715.09 184.03 754.58 224.56 1.50 1.58 3.73 0.11 0.79 0.98 -1.54 0.99
Car 0.0 0 1.72 530.81 186.52 553.47 213.34 1.49 1.67 4.06 -0.15 0.78 0.93 1.62 0.99
Car 0.0 0 1.68 573.84 183.64 582.34 200.16 1.45 1.61 3.88 -0.10 0.75 0.99 1.64 0.99
