Car 0.0 0 -0.27 752.40 185.41 893.44 239.32 1.52 1.63 3.90 0.22 0.81 0.93 0.02 1.00
Car 0.0 0 0.59 3.96 193.41 320.91 320.75 1.51 1.61 3.81 -0.56 0.85 0.80 0.03 1.00
Car 0.0 0 -0.70 1048.06 191.28 1228.37 356.32 1.44 1.65 4.03 0.63 0.85 0.93 -0.07 1.00
Car 0.0 0 0.26 395.31 185.21 487.91 223.33 1.45 1.55 3.84 -0.29 0.77 0.97 0.03 1.00
Car 0.0 0 -1.68 645.35 184.55 669.55 215.32 1.55 1.60 3.77 0.00 0.81 0.95 -1.62 1.00
Car 0.0 0 -2.85 282.78 186.73 434.02 245.63 1.50 1.60 3.89 -0.38 0.80 0.92 3.10 1.00
Car 0.0 0 0.72 9.02 191.25 188.75 355.39 1.51 1.59 3.79 -0.65 0.87 0.83 0.10 1.00
Car 0.0 0 -0.61 933.19 185.47 1224.78 313.62 1.50 1.64 3.97 0.53 0.85 0.90 -0.04 0.99
Car 0.0 0 0.48 89.43 186.69 363.45 288.13 1.51 1.59 3.73 -0.54 0.84 0.91 -0.01 0.99
Car 0.0 0 -2.74 170.05 178.55 386.91 263.17 1.62 1.61 3.85 -0.48 0.87 0.92 3.12 0.99
Car 0.0 0 1.69 563.67 180.85 568.87 195.83 1.46 1.58 3.76 -0.12 0.75 0.93 1.63 0.95
