Car 0.0 0 0.73 7.24 193.77 158.33 329.13 1.54 1.63 4.02 -0.68 0.88 0.84 0.10 1.00
Car 0.0 0 -2.71 62.57 186.58 311.21 278.61 1.54 1.65 4.12 -0.58 0.84 0.89 3.04 1.00
Car 0.0 0 -0.44 756.99 197.14 983.68 283.42 1.45 1.61 3.80 0.27 0.81 0.90 -0.10 1.00
Car 0.0 0 -2.86 176.66 182.06 347.92 250.61 1.57 1.61 3.94 -0.51 0.84 0.93 2.97 1.00
Car 0.0 0 -0.37 719.76 196.96 901.59 267.19 1.47 1.60 3.88 0.20 0.81 0.94 -0.10 0.99
Car 0.0 0 -1.82 465.28 186.94 481.35 205.33 1.48 1.67 3.72 -0.24 0.77 0.94 -2.00 0.99
Car 0.0 0 0.25 255.74 183.89 372.99 233.95 1.52 1.59 3.87 -0.46 0.81 0.97 -0.14 0.99
Car 0.0 0 3.29 282.14 179.50 370.24 221.48 1.66 1.58 3.49 -0.43 0.86 0.94 2.92 0.92
Car 0.0 0 -1.89 442.45 190.27 449.79 201.66 1.39 1.56 3.45 -0.26 0.72 0.90 -2.11 0.70
Car 0.0 0 -1.64 993.84 191.39 1042.75 217.41 1.50 1.64 3.93 0.52 0.79 1.02 -1.13 0.44
