Car 0.0 0 -1.83 734.01 179.20 870.74 278.54 1.50 1.61 3.88 0.17 0.82 0.86 -1.56 1.00
Car 0.0 0 -1.75 682.62 172.33 752.29 230.02 1.49 1.59 3.81 0.08 0.78 0.94 -1.60 1.00
Car 0.0 0 1.85 181.45 173.08 407.49 349.59 1.67 1.62 3.86 -0.46 0.95 0.90 1.44 1.00
Car 0.0 0 1.73 463.07 169.24 508.13 214.79 1.59 1.66 4.07 -0.23 0.82 0.97 1.56 1.00
Car 0.0 0 -1.72 658.51 170.75 704.63 214.14 1.50 1.60 3.73 0.03 0.78 0.92 -1.62 1.00
Car 0.0 0 2.30 3.86 122.69 258.75 367.56 1.95 1.75 4.33 -0.64 1.06 0.88 1.71 1.00
Car 0.0 0 -1.70 642.69 170.88 673.54 205.20 1.52 1.58 3.79 0.00 0.78 0.94 -1.63 1.00
Car 0.0 0 -1.98 792.17 191.31 1189.39 371.26 1.46 1.64 4.15 0.37 0.85 0.81 -1.49 1.00
Car 0.0 0 1.64 517.21 169.95 526.05 191.63 1.48 1.58 3.75 -0.18 0.75 0.99 1.52 0.95
Car 0.0 0 -1.74 613.81 169.17 621.97 182.32 1.39 1.52 3.98 -0.05 0.70 0.93 -1.73 0.42
