Car 0.0 0 -1.79 694.92 185.89 798.57 263.23 1.51 1.62 3.91 0.12 0.82 0.92 -1.61 1.00
Car 0.0 0 0.33 314.21 189.42 465.26 243.50 1.47 1.60 3.96 -0.35 0.79 0.96 0.03 1.00
Car 0.0 0 0.57 140.10 187.30 361.34 278.45 1.56 1.62 3.69 -0.49 0.85 0.87 0.11 1.00
Car 0.0 0 -1.73 677.07 183.23 718.77 224.58 1.57 1.60 3.81 0.06 0.82 0.95 -1.61 1.00
Car 0.0 0 -2.12 835.41 207.11 1234.67 370.59 1.41 1.58 3.79 0.44 0.84 0.84 -1.59 1.00
Car 0.0 0 -2.47 17.39 194.43 259.66 343.82 1.44 1.64 4.25 -0.62 0.84 0.85 -3.05 1.00
Car 0.0 0 -1.66 655.34 177.51 667.65 199.24 1.51 1.64 3.69 0.01 0.78 0.97 -1.59 0.99
Car 0.0 0 -2.37 13.11 200.95 111.46 371.16 1.51 1.63 3.97 -0.77 0.90 0.93 -3.02 0.99
Car 0.0 0 -2.54 32.88 197.40 300.50 300.85 1.37 1.47 3.56 -0.61 0.78 0.89 -3.09 0.99
Car 0.0 0 -2.86 373.07 174.98 462.54 218.84 1.67 1.63 3.48 -0.31 0.87 0.95 -3.12 0.97
