Car 0.0 0 1.95 257.94 186.90 483.12 327.60 1.52 1.65 4.05 -0.35 0.86 0.88 1.63 1.00
Car 0.0 0 -1.87 747.27 194.51 945.97 328.97 1.43 1.58 3.59 0.23 0.82 0.87 -1.55 1.00
Car 0.0 0 1.69 504.95 183.79 538.10 224.24 1.53 1.64 3.95 -0.17 0.80 0.93 1.57 1.00
Car 0.0 0 1.40 704.80 191.87 794.95 266.30 1.46 1.60 4.00 0.10 0.80 0.83 1.59 1.00
Car 0.0 0 1.76 419.20 182.29 504.31 258.70 1.62 1.63 4.05 -0.25 0.87 0.93 1.56 1.00
Car 0.0 0 0.96 938.93 184.30 1234.59 370.39 1.52 1.58 3.85 0.44 0.87 0.75 1.54 1.00
Car 0.0 0 1.64 542.04 182.38 556.78 210.38 1.55 1.61 3.92 -0.14 0.81 0.97 1.55 1.00
Car 0.0 0 1.49 678.71 185.48 709.64 222.22 1.56 1.62 3.93 0.05 0.82 0.91 1.61 0.99
Car 0.0 0 1.65 589.06 179.47 584.25 188.62 1.47 1.48 3.70 -0.09 0.75 0.93 1.61 0.64
Car 0.0 0 -1.61 662.92 179.64 668.74 198.07 1.49 1.63 3.74 0.02 0.77 1.01 -1.53 0.31
