Car 0.0 0 -1.96 798.53 181.30 1094.92 358.73 1.48 1.60 3.86 0.33 0.85 0.84 -1.53 1.00
Car 0.0 0 -1.79 734.90 177.77 861.06 272.81 1.50 1.62 3.89 0.17 0.82 0.89 -1.54 1.00
Car 0.0 0 1.99 214.96 198.01 382.45 290.88 1.49 1.64 4.18 -0.45 0.83 0.91 1.58 1.00
Car 0.0 0 1.81 447.61 189.27 492.52 226.29 1.50 1.64 3.95 -0.25 0.80 0.98 1.62 1.00
Car 0.0 0 2.28 9.26 208.14 180.19 370.65 1.44 1.61 3.98 -0.69 0.86 0.89 1.66 1.00
Car 0.0 0 1.88 357.66 192.93 439.25 249.97 1.52 1.61 3.95 -0.35 0.83 0.97 1.59 1.00
Car 0.0 0 2.51 1053.72 148.36 1231.19 285.64 1.67 1.63 4.00 0.55 0.89 0.82 -3.14 1.00
Car 0.0 0 1.66 509.93 185.41 525.65 206.60 1.45 1.61 3.83 -0.18 0.75 0.94 1.53 1.00
Car 0.0 0 1.42 692.70 184.79 744.62 230.81 1.53 1.60 3.86 0.07 0.80 0.84 1.57 1.00
Car 0.0 0 -1.73 675.46 182.67 713.82 219.14 1.46 1.58 3.77 0.05 0.77 0.96 -1.61 0.99
Car 0.0 0 -2.24 565.74 177.92 589.59 191.05 1.48 1.70 3.71 -0.10 0.76 0.93 -2.28 0.99
Car 0.0 0 -1.71 662.74 182.43 684.28 209.57 1.52 1.60 3.76 0.02 0.79 0.94 -1.62 0.99
