Car 0.0 0 0.69 9.56 165.56 204.22 357.38 1.68 1.66 4.10 -0.64 0.94 0.83 0.08 1.00
Car 0.0 0 0.60 -1.25 170.74 310.35 318.62 1.78 1.77 4.40 -0.57 0.97 0.81 0.04 1.00
Car 0.0 0 -0.40 859.49 180.07 1145.06 285.44 1.54 1.66 4.01 0.41 0.84 0.87 0.09 1.00
Car 0.0 0 -1.92 801.71 191.89 1115.48 370.40 1.49 1.58 3.63 0.36 0.87 0.86 -1.47 1.00
Car 0.0 0 -2.92 311.38 173.01 445.88 228.90 1.58 1.62 4.04 -0.36 0.82 0.92 3.05 1.00
Car 0.0 0 -2.60 47.96 169.41 310.11 279.46 1.68 1.60 3.46 -0.59 0.90 0.88 -3.14 0.99
Car 0.0 0 -2.77 172.71 184.24 392.86 264.35 1.48 1.62 4.04 -0.47 0.81 0.91 3.09 0.99
Car 0.0 0 -1.69 645.97 177.41 661.80 199.63 1.46 1.60 3.73 0.00 0.75 0.99 -1.63 0.99
Car 0.0 0 -0.24 722.02 174.22 835.52 219.38 1.54 1.68 4.19 0.16 0.80 0.92 -0.01 0.99
Car 0.0 0 0.25 331.70 162.12 466.10 224.56 1.78 1.71 3.93 -0.34 0.92 0.94 -0.03 0.98
Car 0.0 0 -2.76 214.93 177.14 406.54 247.27 1.49 1.60 3.71 -0.45 0.79 0.94 3.13 0.97
Car 0.0 0 3.33 430.02 175.47 504.09 208.44 1.48 1.55 3.76 -0.24 0.76 0.92 3.13 0.97
Car 0.0 0 3.26 458.27 176.37 521.28 200.79 1.43 1.65 4.23 -0.22 0.74 0.98 3.10 0.96
Car 0.0 0 2.80 748.05 179.69 873.87 228.79 1.55 1.68 4.09 0.19 0.82 0.91 3.07 0.96
Car 0.0 0 -0.28 797.55 182.37 943.55 244.55 1.48 1.58 3.79 0.28 0.79 0.94 0.06 0.95
Car 0.0 0 -0.31 789.80 183.19 912.37 233.58 1.48 1.57 3.94 0.27 0.79 0.97 0.01 0.90
Car 0.0 0 -0.33 784.40 179.74 901.93 230.81 1.56 1.59 3.92 0.26 0.82 0.97 -0.02 0.84
Car 0.0 0 -0.34 832.62 182.60 1037.25 267.41 1.51 1.60 3.80 0.36 0.82 0.93 0.08 0.79
Cyclist 0.0 0 1.65 557.90 177.96 549.70 198.82 1.70 0.65 1.78 -0.14 0.87 1.02 1.57 0.96
