Pedestrian 0.0 0 -1.30 866.14 140.56 951.20 372.77 1.82 0.85 0.91 0.36 1.02 0.98 -0.90 1.00
Pedestrian 0.0 0 -2.84 1003.77 121.92 1070.37 311.65 1.84 0.81 1.04 0.61 0.98 1.10 -2.29 1.00
Pedestrian 0.0 0 -1.59 590.87 165.72 592.50 232.39 1.74 0.80 0.92 -0.07 0.90 0.98 -1.61 0.99
Pedestrian 0.0 0 -1.55 642.15 162.28 645.04 228.41 1.69 0.80 0.90 0.00 0.87 1.01 -1.49 0.99
Pedestrian 0.0 0 1.83 522.14 164.09 533.94 245.06 1.74 0.70 0.93 -0.16 0.90 0.99 1.73 0.99
Pedestrian 0.0 0 -1.79 707.34 159.59 710.20 215.61 1.80 0.72 0.82 0.09 0.91 0.99 -1.64 0.98
Pedestrian 0.0 0 -2.73 484.34 166.06 486.37 226.78 1.76 0.61 0.70 -0.23 0.90 1.07 -2.89 0.97
Pedestrian 0.0 0 -2.91 1222.66 155.35 1235.01 293.68 1.80 0.67 0.81 0.90 0.97 1.09 -2.19 0.97
Pedestrian 0.0 0 1.61 497.19 171.62 502.95 238.15 1.69 0.66 0.92 -0.19 0.88 0.96 1.47 0.96
Pedestrian 0.0 0 -1.60 621.97 164.39 617.52 212.36 1.76 0.78 0.82 -0.03 0.89 1.07 -1.57 0.95
Pedestrian 0.0 0 -1.54 668.98 164.84 668.04 219.57 1.70 0.80 0.95 0.04 0.87 1.03 -1.45 0.94
Pedestrian 0.0 0 0.58 211.13 197.75 333.81 364.18 1.40 0.56 0.71 -0.52 0.84 1.00 0.15 0.71
Car 0.0 0 1.58 555.72 170.02 563.11 190.51 1.54 1.68 4.24 -0.12 0.77 1.05 1.52 0.97
