Car 0.0 0 -1.82 720.45 189.55 875.89 301.31 1.51 1.66 4.05 0.18 0.85 0.90 -1.56 1.00
Car 0.0 0 -1.29 328.44 198.55 483.67 306.24 1.47 1.63 3.92 -0.31 0.83 0.89 -1.57 1.00
Car 0.0 0 -1.75 694.11 193.30 775.57 262.82 1.52 1.61 3.87 0.10 0.83 0.92 -1.58 1.00
Car 0.0 0 1.99 52.63 211.07 416.33 367.87 1.38 1.54 3.74 -0.52 0.83 0.88 1.51 1.00
Car 0.0 0 -1.47 502.51 190.68 542.48 234.20 1.42 1.59 3.71 -0.18 0.77 0.98 -1.59 1.00
Car 0.0 0 -1.69 672.09 188.09 732.44 244.23 1.50 1.59 3.75 0.06 0.80 0.89 -1.56 0.99
Car 0.0 0 1.65 539.36 186.38 560.26 215.64 1.46 1.60 3.97 -0.14 0.77 1.02 1.57 0.99
Car 0.0 0 -1.63 643.81 184.46 656.24 207.05 1.47 1.58 3.81 -0.01 0.77 0.97 -1.57 0.98
Car 0.0 0 1.61 573.30 185.21 575.46 199.51 1.45 1.64 4.03 -0.11 0.75 0.96 1.56 0.97
Car 0.0 0 -1.67 662.62 180.73 719.44 237.84 1.52 1.61 3.84 0.05 0.81 1.00 -1.56 0.96
