Car 0.0 0 1.92 255.88 199.46 428.62 314.94 1.44 1.59 3.85 -0.40 0.83 0.91 1.56 1.00
Car 0.0 0 -1.70 663.73 183.47 707.79 225.85 1.39 1.58 3.68 0.04 0.73 0.93 -1.60 1.00
Car 0.0 0 2.91 757.95 166.35 877.39 210.22 1.62 1.72 4.31 0.21 0.83 0.92 -3.10 1.00
Car 0.0 0 2.28 11.51 223.10 265.83 370.70 1.42 1.66 4.07 -0.64 0.86 0.88 1.71 1.00
Car 0.0 0 2.77 803.91 157.28 946.13 219.81 1.72 1.70 4.02 0.29 0.88 0.94 3.12 1.00
Car 0.0 0 -1.44 437.78 189.09 477.51 226.96 1.46 1.59 3.70 -0.25 0.77 0.90 -1.64 1.00
Car 0.0 0 1.70 487.56 187.77 507.65 211.43 1.46 1.60 3.95 -0.21 0.77 0.97 1.55 0.99
Car 0.0 0 2.74 829.65 167.02 1016.52 226.59 1.53 1.76 4.85 0.32 0.79 0.88 -3.13 0.98
Car 0.0 0 1.85 332.01 198.30 409.28 250.86 1.46 1.62 3.86 -0.37 0.80 0.93 1.53 0.97
Car 0.0 0 -0.52 1037.77 159.97 1118.49 184.33 1.44 1.60 4.18 0.57 0.72 0.97 0.06 0.94
Car 0.0 0 -0.56 1087.50 145.85 1207.17 182.62 1.57 1.77 4.64 0.67 0.78 0.98 0.08 0.93
Car 0.0 0 -0.56 987.97 158.38 1081.86 186.80 1.54 1.73 4.49 0.53 0.77 1.00 -0.03 0.29
