Car 0.0 0 1.78 408.17 194.91 460.39 237.04 1.41 1.62 3.81 -0.29 0.77 0.96 1.54 1.00
Car 0.0 0 -1.05 107.36 205.55 191.80 241.89 1.48 1.61 3.97 -0.69 0.81 0.98 -1.61 1.00
Car 0.0 0 1.73 449.74 192.45 482.04 224.52 1.43 1.59 3.77 -0.26 0.77 1.00 1.53 1.00
Car 0.0 0 -0.96 62.43 211.85 141.29 243.71 1.44 1.61 4.08 -0.76 0.80 0.99 -1.57 1.00
Car 0.0 0 1.71 487.08 186.61 508.54 213.00 1.49 1.59 3.90 -0.21 0.78 0.97 1.56 1.00
Car 0.0 0 -0.91 14.37 212.19 84.27 245.74 1.47 1.58 3.93 -0.85 0.82 1.02 -1.58 1.00
Car 0.0 0 -1.68 668.08 177.54 702.10 215.23 1.48 1.62 3.78 0.04 0.77 0.95 -1.58 0.99
Car 0.0 0 1.72 505.63 184.85 521.39 206.91 1.49 1.63 4.05 -0.19 0.78 0.95 1.59 0.98
Car 0.0 0 -1.58 639.00 180.16 636.77 189.13 1.41 1.61 3.51 -0.02 0.72 0.98 -1.54 0.87
Car 0.0 0 1.67 580.51 181.95 583.03 193.79 1.36 1.50 3.70 -0.10 0.70 0.97 1.64 0.85
