Car 0.0 0 -2.43 12.58 185.27 208.18 345.59 1.54 1.64 3.95 -0.65 0.88 0.85 -3.03 1.00
Car 0.0 0 -2.65 74.20 176.70 331.34 280.88 1.54 1.61 3.74 -0.56 0.84 0.89 3.12 1.00
Car 0.0 0 -0.62 953.11 192.22 1236.23 330.97 1.45 1.64 3.99 0.55 0.84 0.91 -0.03 1.00
Car 0.0 0 -0.75 1106.13 196.96 1235.08 374.52 1.44 1.62 3.79 0.68 0.87 0.95 -0.09 1.00
Car 0.0 0 -2.92 394.04 182.20 489.99 218.57 1.45 1.62 4.16 -0.28 0.76 0.94 3.13 1.00
Car 0.0 0 -0.60 892.56 192.97 1129.52 289.18 1.47 1.62 3.89 0.44 0.82 0.90 -0.10 1.00
Car 0.0 0 0.43 144.88 165.44 380.20 260.52 1.65 1.66 3.88 -0.50 0.87 0.92 -0.02 1.00
Car 0.0 0 2.68 812.06 185.05 1035.10 272.63 1.55 1.65 3.86 0.34 0.84 0.91 3.09 0.99
Car 0.0 0 -1.70 643.15 183.12 671.49 216.36 1.50 1.64 3.75 -0.00 0.78 0.90 -1.63 0.99
Car 0.0 0 -0.36 766.06 185.19 958.94 256.75 1.44 1.61 3.92 0.26 0.78 0.91 -0.02 0.99
Car 0.0 0 -2.86 353.54 181.33 476.86 227.20 1.44 1.58 3.99 -0.30 0.76 0.90 -3.12 0.97
Car 0.0 0 -0.36 760.26 177.76 901.51 241.01 1.66 1.66 3.85 0.23 0.88 0.93 -0.06 0.97
Car 0.0 0 -1.65 630.25 179.48 638.32 197.89 1.51 1.63 3.78 -0.03 0.78 0.98 -1.62 0.96
Cyclist 0.0 0 1.68 512.55 181.98 515.31 226.23 1.71 0.61 1.65 -0.19 0.90 0.96 1.55 0.99
